 Vol  , Cur  ,  X1  ,  Y1  ,  Z1  ,  X2  ,  Y2  ,  Z2  ,  X3  ,  Y3  ,  Z3  ,  X4  ,  Y4  ,  Z4  
4.9612,0.0000,0.4297,-0.3906,-0.8594,0.6641,0.7031,0.2734,0.0781,0.9375,-0.1172,-0.2344,1.0547,-0.0781
4.9612,0.0000,0.4297,-0.4297,-0.8594,0.6250,0.6641,0.1953,0.0391,0.8984,-0.1953,-0.2344,1.0156,-0.1172
4.9612,0.0000,0.4297,-0.4297,-0.8594,0.6250,0.6641,0.1953,0.0000,0.8984,-0.1953,-0.2734,1.0156,-0.1562
5.0157,0.0000,0.3906,-0.4297,-0.8594,0.6250,0.6641,0.1953,0.0391,0.8984,-0.1953,-0.2734,0.9766,-0.1562
4.9612,0.0000,0.3906,-0.4297,-0.8594,0.6250,0.6641,0.1953,0.0391,0.8984,-0.1953,-0.2344,1.0156,-0.1172
5.0157,0.0000,0.3906,-0.4688,-0.8594,0.6250,0.6641,0.1953,0.0000,0.8984,-0.1953,-0.2734,1.0156,-0.1562
4.9612,0.0000,0.3516,-0.4688,-0.8594,0.6250,0.7031,0.2344,0.0781,0.9375,-0.1562,-0.2344,1.0156,-0.1562
4.9067,0.0000,0.3906,-0.4297,-0.8203,0.6641,0.7031,0.1953,0.0391,0.8984,-0.1562,-0.2344,1.0156,-0.1172
5.1793,0.0000,0.3516,-0.4297,-0.8594,0.6641,0.6641,0.1562,0.0391,0.8984,-0.1562,-0.1953,1.0156,-0.1562
4.9067,0.0000,0.3906,-0.3906,-0.8203,0.7031,0.7031,0.1562,0.0000,0.8594,-0.1953,-0.2734,0.9766,-0.1562
5.1247,0.0000,0.3906,-0.4297,-0.8203,0.7422,0.7031,0.1562,0.0000,0.8594,-0.1953,-0.2344,0.9766,-0.1562
4.9067,0.0000,0.4297,-0.4297,-0.8203,0.7031,0.7031,0.1172,0.0000,0.8594,-0.1953,-0.2344,0.9766,-0.1562
4.9067,0.0000,0.4297,-0.3906,-0.8203,0.7031,0.7031,0.1562,0.0000,0.8594,-0.1953,-0.2734,1.0156,-0.1562
4.9067,0.0000,0.4688,-0.3906,-0.8203,0.7031,0.7422,0.1562,0.0000,0.8594,-0.1953,-0.2734,0.9766,-0.0781
5.0702,0.0000,0.4688,-0.3906,-0.8594,0.6641,0.7422,0.1562,0.0391,0.9375,-0.1562,-0.2344,1.0547,-0.1172
4.9612,0.0000,0.4297,-0.3906,-0.8594,0.6250,0.7031,0.1172,0.0000,0.8594,-0.1953,-0.2734,0.9766,-0.1172
5.0702,0.0000,0.4688,-0.3906,-0.8203,0.6641,0.7422,0.1562,0.0391,0.9375,-0.1562,-0.2344,1.0547,-0.0781
4.9612,0.0000,0.4297,-0.3906,-0.8203,0.6641,0.7813,0.1562,0.0391,0.8984,-0.1562,-0.1953,1.0547,-0.0781
4.9612,0.0000,0.4297,-0.3906,-0.8203,0.6641,0.7813,0.1562,0.0391,0.9375,-0.1562,-0.1953,1.0547,-0.0781
5.0702,0.0000,0.4297,-0.3516,-0.8203,0.7031,0.7813,0.1562,0.0391,0.9375,-0.1562,-0.2344,1.0547,-0.0781
4.9612,0.0000,0.4688,-0.3516,-0.8203,0.7031,0.7813,0.1562,0.0391,0.9375,-0.1562,-0.2344,1.0547,-0.0781
5.0157,0.0000,0.4688,-0.3516,-0.8594,0.7031,0.7813,0.1172,0.0391,0.9375,-0.1562,-0.2344,1.0156,-0.1172
4.9612,0.0000,0.4297,-0.3906,-0.8984,0.6641,0.7422,0.1172,0.0000,0.8984,-0.1562,-0.2344,1.0156,-0.1172
4.9067,0.0000,0.5078,-0.3516,-0.8594,0.7031,0.7813,0.1172,0.0391,0.8984,-0.1953,-0.2344,1.0156,-0.1172
4.9612,0.0000,0.4688,-0.3906,-0.8984,0.7031,0.7422,0.1172,0.0391,0.8984,-0.1562,-0.1953,1.0547,-0.0781
4.9612,0.0000,0.4688,-0.3906,-0.8594,0.7031,0.7813,0.1172,0.0391,0.9375,-0.1562,-0.1953,1.0547,-0.1172
4.9612,0.0000,0.4688,-0.3906,-0.8594,0.6641,0.7813,0.1562,0.0391,0.9375,-0.1562,-0.1953,1.0547,-0.1172
5.0702,0.0000,0.4688,-0.3516,-0.8203,0.6641,0.7813,0.1953,0.0391,0.8984,-0.1562,-0.1953,1.0547,-0.0781
4.9612,0.0000,0.4688,-0.3906,-0.8203,0.6641,0.7813,0.1953,0.0391,0.8984,-0.1562,-0.2344,1.0937,-0.1172
5.0157,0.0000,0.4297,-0.3906,-0.8203,0.6641,0.7813,0.1562,0.0391,0.8984,-0.1562,-0.2344,1.0547,-0.1172
4.6886,0.0000,0.3906,-0.4297,-0.8203,0.6250,0.7813,0.1562,0.0000,0.8984,-0.1953,-0.2344,1.0156,-0.1172
4.9612,0.0000,0.3906,-0.4297,-0.8203,0.6250,0.7813,0.1953,0.0000,0.8984,-0.1953,-0.2344,1.0156,-0.1172
5.0157,0.0000,0.3906,-0.4297,-0.8203,0.6250,0.7813,0.1562,0.0000,0.8984,-0.1953,-0.2734,1.0156,-0.1172
5.0157,0.0000,0.4297,-0.3906,-0.8203,0.6250,0.7813,0.1172,0.0000,0.8984,-0.1953,-0.2344,1.0156,-0.1172
4.9612,0.0000,0.4297,-0.4297,-0.8203,0.6250,0.7813,0.1172,0.0000,0.8984,-0.1953,-0.2344,1.0156,-0.1172
5.0157,0.0000,0.4688,-0.3906,-0.8203,0.6641,0.8203,0.1172,0.0391,0.9375,-0.1953,-0.2344,1.0156,-0.1172
5.0157,0.0000,0.4297,-0.4297,-0.8594,0.6250,0.7813,0.1172,0.0000,0.8594,-0.1953,-0.2344,1.0156,-0.1562
5.0157,0.0000,0.4297,-0.3906,-0.8203,0.6250,0.7813,0.1172,0.0000,0.8984,-0.1953,-0.2344,1.0156,-0.1172
5.0157,0.0000,0.4297,-0.3906,-0.8594,0.6250,0.8203,0.1172,0.0781,0.8984,-0.1953,-0.2344,1.0156,-0.1172
4.9612,0.0000,0.4297,-0.3906,-0.8594,0.5859,0.8203,0.1562,0.0000,0.8984,-0.1953,-0.2344,1.0156,-0.1172
5.0157,0.0000,0.4297,-0.3906,-0.8203,0.5469,0.7813,0.1562,0.0000,0.8984,-0.2344,-0.2344,1.0156,-0.1172
5.0702,0.0000,0.4297,-0.3906,-0.8594,0.5469,0.7813,0.1562,0.0000,0.8984,-0.2344,-0.1953,1.0937,-0.1172
4.7976,0.0000,0.4688,-0.3906,-0.8594,0.5859,0.8594,0.1953,0.0000,0.8984,-0.1562,-0.2344,1.0156,-0.1562
5.0702,0.0000,0.5078,-0.3906,-0.8594,0.5469,0.7422,0.1562,-0.0391,0.8594,-0.2344,-0.2734,1.0156,-0.1562
4.9067,0.0000,0.4297,-0.3906,-0.8984,0.5469,0.7422,0.1562,0.0000,0.8594,-0.1953,-0.2344,1.0156,-0.1562
5.0157,0.0000,0.4688,-0.3906,-0.8984,0.5859,0.7422,0.1562,0.0000,0.8984,-0.1953,-0.2344,1.0156,-0.1562
5.0702,0.0000,0.4688,-0.3906,-0.8984,0.5859,0.7422,0.1562,0.0000,0.8984,-0.1953,-0.2344,1.0156,-0.1172
5.0157,0.0000,0.4688,-0.3906,-0.8984,0.5859,0.7422,0.1562,0.0000,0.8984,-0.1953,-0.2344,1.0156,-0.1172
5.0157,0.0000,0.4688,-0.4297,-0.8203,0.5859,0.7422,0.1562,0.0000,0.8594,-0.1953,-0.2344,1.0156,-0.1562
5.0157,0.0098,0.5078,-0.3906,-0.8203,0.6250,0.8594,0.2734,0.0000,0.8594,-0.1953,-0.2344,1.0156,-0.1172
4.9612,0.0000,0.4297,-0.4297,-0.8203,0.5859,0.7422,0.1953,0.0000,0.8594,-0.2344,-0.2734,0.9766,-0.1562
5.0157,0.0000,0.3906,-0.4297,-0.8203,0.5859,0.7422,0.1953,0.0000,0.8594,-0.1953,-0.2344,1.0156,-0.1562
5.0157,0.0000,0.4297,-0.4297,-0.7813,0.6250,0.7813,0.1953,0.0000,0.8984,-0.1953,-0.2344,1.0156,-0.1172
5.0157,0.0000,0.4297,-0.4297,-0.7813,0.6641,0.7422,0.1953,0.0000,0.8984,-0.1953,-0.2344,1.0156,-0.1172
4.9612,0.0000,0.4297,-0.4297,-0.8203,0.6641,0.7422,0.1953,0.0000,0.8984,-0.1953,-0.2344,1.0156,-0.1172
5.0157,0.0000,0.4297,-0.4297,-0.8203,0.6641,0.7422,0.1953,0.0000,0.8984,-0.1953,-0.2344,1.0156,-0.1172
5.1793,0.0000,0.5469,-0.3516,-0.7813,0.6641,0.8203,0.3125,0.0391,0.9375,-0.1562,-0.1953,1.0547,-0.1172
5.0157,0.0000,0.4688,-0.4297,-0.8203,0.6250,0.7031,0.1953,-0.0391,0.8594,-0.2344,-0.2734,0.9766,-0.1562
5.0157,0.0000,0.4688,-0.4297,-0.8594,0.6250,0.7031,0.1953,0.0000,0.8984,-0.1953,-0.2344,1.0156,-0.1172
5.0702,0.0000,0.4688,-0.4297,-0.8594,0.6250,0.7422,0.2344,0.0000,0.8984,-0.1953,-0.2344,1.0547,-0.1172
4.9612,0.0000,0.4688,-0.4297,-0.8594,0.6250,0.7422,0.1953,0.0000,0.8984,-0.1953,-0.2344,1.0156,-0.1172
5.0157,0.0000,0.4688,-0.4297,-0.8594,0.6641,0.7422,0.1953,0.0000,0.8984,-0.1953,-0.2344,1.0156,-0.1172
5.0157,0.0000,0.4297,-0.4297,-0.8203,0.6250,0.7031,0.1953,0.0000,0.8984,-0.1953,-0.2344,1.0156,-0.1172
5.0702,0.0000,0.4688,-0.3906,-0.8203,0.6250,0.7422,0.1953,0.0000,0.9375,-0.1562,-0.2344,1.0156,-0.1172
5.0702,0.0000,0.4688,-0.4297,-0.8203,0.6250,0.7422,0.1953,0.0391,0.8984,-0.2344,-0.2734,0.9766,-0.1562
5.0157,0.0000,0.4297,-0.4297,-0.8203,0.6250,0.7422,0.1953,0.0000,0.8594,-0.2344,-0.2734,1.0156,-0.1562
4.9612,0.0000,0.4297,-0.4297,-0.7813,0.6250,0.7422,0.2734,0.0391,0.8984,-0.1953,-0.2734,1.0156,-0.1172
5.0157,0.0000,0.4297,-0.4297,-0.7813,0.6641,0.7422,0.1953,0.0000,0.8984,-0.1953,-0.2734,1.0156,-0.1172
5.0157,0.0000,0.4688,-0.4297,-0.8203,0.6641,0.7422,0.1953,0.0000,0.8984,-0.1953,-0.2344,1.0156,-0.1172
5.0157,0.0000,0.4688,-0.4297,-0.8203,0.6641,0.7422,0.1953,0.0000,0.8984,-0.1953,-0.2734,1.0156,-0.1172
5.0157,0.0000,0.5078,-0.3906,-0.8203,0.7031,0.7813,0.2344,0.0000,0.9375,-0.1953,-0.2344,1.0547,-0.1172
4.7431,0.0000,0.5078,-0.4297,-0.8594,0.6641,0.7422,0.1953,0.0000,0.8594,-0.1953,-0.2344,1.0156,-0.1172
4.9612,0.0000,0.5078,-0.4297,-0.8984,0.6250,0.7422,0.1953,0.0000,0.8984,-0.1953,-0.2344,1.0156,-0.1172
4.9612,0.0000,0.4688,-0.4297,-0.8984,0.5859,0.7422,0.1562,0.0000,0.8984,-0.1953,-0.2344,1.0156,-0.1562
4.9612,0.0000,0.4688,-0.4297,-0.8594,0.5859,0.7422,0.1953,0.0000,0.8984,-0.1953,-0.2344,1.0156,-0.1172
4.9612,0.0000,0.4688,-0.4297,-0.8203,0.6250,0.7422,0.1953,0.0000,0.8984,-0.1953,-0.2344,1.0156,-0.1172
4.9067,0.0000,0.4297,-0.4297,-0.8203,0.6250,0.7422,0.2344,0.0000,0.8984,-0.1953,-0.2344,1.0156,-0.1172
5.0157,0.0000,0.5469,-0.3906,-0.7422,0.7031,0.7813,0.2734,0.0391,0.9375,-0.1562,-0.1953,1.0156,-0.1172
4.9612,0.0000,0.4297,-0.4297,-0.7813,0.6250,0.7031,0.1953,0.0000,0.8594,-0.1953,-0.2734,0.9766,-0.1562
5.0702,0.0000,0.4297,-0.4688,-0.7813,0.6250,0.7422,0.2344,0.0391,0.8984,-0.1953,-0.2344,1.0156,-0.1172
5.0157,0.0000,0.4688,-0.4688,-0.7813,0.6250,0.7422,0.2344,0.0000,0.8984,-0.1953,-0.2344,1.0156,-0.1172
4.9612,0.0000,0.4688,-0.4688,-0.8203,0.6250,0.7422,0.2344,0.0000,0.8984,-0.1953,-0.2344,1.0156,-0.1172
5.0157,0.0000,0.5078,-0.4688,-0.8594,0.5859,0.7422,0.1953,0.0000,0.8984,-0.1953,-0.2344,1.0156,-0.1172
5.0157,0.0000,0.5469,-0.4688,-0.8594,0.5859,0.7031,0.1953,0.0000,0.8984,-0.1953,-0.2734,1.0156,-0.1172
5.0702,0.0000,0.5469,-0.4688,-0.8594,0.5859,0.7422,0.2344,0.0391,0.9375,-0.1562,-0.2344,1.0156,-0.1172
