428.00 587.00 531.00 431.00 580.00 571.00 543.00 616.00 490.00 498.00 603.00 486.00 
429.00 587.00 530.00 432.00 580.00 572.00 544.00 615.00 492.00 497.00 603.00 486.00 
429.00 586.00 530.00 431.00 579.00 571.00 543.00 616.00 490.00 498.00 603.00 486.00 
428.00 586.00 530.00 429.00 579.00 570.00 542.00 615.00 491.00 498.00 603.00 487.00 
429.00 588.00 532.00 430.00 580.00 572.00 543.00 616.00 491.00 498.00 605.00 485.00 
428.00 587.00 531.00 432.00 580.00 572.00 542.00 614.00 490.00 499.00 604.00 486.00 
430.00 587.00 529.00 431.00 579.00 572.00 544.00 614.00 490.00 498.00 603.00 487.00 
428.00 587.00 530.00 428.00 580.00 572.00 542.00 616.00 490.00 498.00 603.00 485.00 
428.00 588.00 532.00 429.00 580.00 568.00 543.00 614.00 491.00 497.00 604.00 485.00 
428.00 587.00 530.00 431.00 579.00 571.00 543.00 614.00 491.00 499.00 604.00 486.00 
428.00 587.00 531.00 430.00 580.00 570.00 542.00 616.00 491.00 498.00 604.00 486.00 
430.00 589.00 530.00 429.00 584.00 570.00 544.00 616.00 490.00 498.00 604.00 486.00 
431.00 589.00 529.00 430.00 577.00 568.00 543.00 615.00 491.00 500.00 604.00 484.00 
430.00 590.00 530.00 433.00 582.00 570.00 541.00 617.00 490.00 499.00 603.00 486.00 
430.00 590.00 530.00 433.00 582.00 567.00 542.00 616.00 491.00 499.00 605.00 486.00 
430.00 589.00 528.00 431.00 581.00 568.00 543.00 616.00 492.00 497.00 604.00 486.00 
430.00 588.00 530.00 432.00 581.00 569.00 543.00 616.00 492.00 499.00 604.00 485.00 
431.00 590.00 530.00 433.00 582.00 568.00 543.00 616.00 490.00 498.00 604.00 486.00 
430.00 588.00 531.00 432.00 581.00 569.00 543.00 616.00 491.00 498.00 603.00 486.00 
430.00 589.00 529.00 430.00 578.00 566.00 543.00 614.00 492.00 498.00 604.00 485.00 
431.00 589.00 529.00 431.00 580.00 569.00 543.00 614.00 491.00 498.00 604.00 486.00 
430.00 588.00 530.00 432.00 581.00 569.00 543.00 617.00 491.00 498.00 604.00 486.00 
431.00 590.00 529.00 432.00 581.00 570.00 542.00 615.00 491.00 499.00 604.00 487.00 
430.00 589.00 529.00 430.00 579.00 569.00 542.00 616.00 491.00 497.00 602.00 485.00 
429.00 589.00 530.00 430.00 581.00 569.00 543.00 614.00 492.00 499.00 604.00 486.00 
429.00 587.00 530.00 432.00 580.00 569.00 543.00 616.00 491.00 499.00 604.00 485.00 
430.00 590.00 531.00 431.00 580.00 570.00 542.00 615.00 492.00 498.00 603.00 485.00 
430.00 590.00 531.00 429.00 581.00 569.00 541.00 616.00 491.00 499.00 604.00 485.00 
429.00 589.00 531.00 430.00 579.00 570.00 541.00 616.00 492.00 499.00 604.00 485.00 
429.00 589.00 532.00 431.00 581.00 571.00 542.00 616.00 492.00 498.00 602.00 486.00 
430.00 588.00 531.00 431.00 579.00 570.00 543.00 616.00 491.00 499.00 606.00 485.00 
428.00 587.00 532.00 430.00 580.00 570.00 541.00 617.00 490.00 497.00 604.00 485.00 
429.00 588.00 530.00 429.00 580.00 568.00 543.00 616.00 491.00 498.00 602.00 486.00 
430.00 589.00 532.00 432.00 579.00 570.00 541.00 616.00 489.00 499.00 603.00 485.00 
429.00 588.00 531.00 431.00 580.00 569.00 542.00 615.00 490.00 498.00 604.00 486.00 
428.00 587.00 532.00 429.00 581.00 571.00 542.00 617.00 490.00 499.00 603.00 485.00 
429.00 587.00 530.00 429.00 580.00 569.00 542.00 616.00 491.00 500.00 603.00 485.00 
429.00 588.00 531.00 431.00 579.00 570.00 541.00 615.00 491.00 499.00 604.00 485.00 
428.00 589.00 531.00 431.00 579.00 569.00 541.00 615.00 490.00 499.00 604.00 485.00 
428.00 589.00 530.00 428.00 580.00 572.00 542.00 616.00 491.00 499.00 604.00 483.00 
428.00 588.00 532.00 429.00 580.00 570.00 541.00 616.00 490.00 499.00 603.00 485.00 
430.00 589.00 530.00 432.00 576.00 570.00 542.00 616.00 489.00 499.00 603.00 484.00 
428.00 588.00 533.00 432.00 578.00 573.00 542.00 616.00 489.00 500.00 604.00 485.00 
428.00 588.00 530.00 429.00 575.00 572.00 543.00 617.00 491.00 499.00 604.00 484.00 
428.00 585.00 532.00 428.00 576.00 572.00 540.00 615.00 489.00 499.00 604.00 486.00 
428.00 585.00 530.00 431.00 577.00 576.00 542.00 614.00 490.00 499.00 603.00 485.00 
428.00 588.00 532.00 431.00 573.00 576.00 542.00 616.00 490.00 498.00 603.00 486.00 
429.00 588.00 530.00 429.00 576.00 574.00 541.00 616.00 489.00 500.00 603.00 484.00 
427.00 588.00 531.00 428.00 574.00 575.00 541.00 614.00 490.00 499.00 600.00 485.00 
428.00 589.00 531.00 430.00 569.00 575.00 541.00 616.00 489.00 498.00 604.00 485.00 
429.00 588.00 531.00 431.00 575.00 574.00 541.00 615.00 491.00 497.00 603.00 485.00 
429.00 587.00 531.00 429.00 572.00 576.00 542.00 616.00 490.00 498.00 604.00 486.00 
427.00 586.00 532.00 427.00 571.00 574.00 542.00 616.00 491.00 497.00 604.00 486.00 
429.00 591.00 531.00 430.00 574.00 573.00 542.00 616.00 489.00 499.00 604.00 485.00 
428.00 584.00 530.00 431.00 571.00 570.00 541.00 615.00 489.00 497.00 603.00 485.00 
428.00 586.00 532.00 429.00 574.00 575.00 539.00 615.00 491.00 500.00 603.00 484.00 
431.00 589.00 531.00 429.00 575.00 576.00 543.00 615.00 488.00 501.00 603.00 484.00 
428.00 587.00 532.00 430.00 574.00 575.00 540.00 616.00 490.00 500.00 604.00 484.00 
429.00 589.00 530.00 431.00 574.00 573.00 540.00 616.00 489.00 499.00 602.00 485.00 
378.00 556.00 547.00 397.00 547.00 588.00 541.00 615.00 490.00 500.00 604.00 484.00 
377.00 498.00 532.00 374.00 494.00 564.00 540.00 614.00 489.00 500.00 604.00 484.00 
428.00 493.00 492.00 391.00 462.00 534.00 543.00 621.00 492.00 500.00 605.00 484.00 
394.00 499.00 519.00 397.00 467.00 550.00 535.00 612.00 488.00 500.00 603.00 484.00 
376.00 487.00 509.00 381.00 456.00 529.00 539.00 615.00 490.00 500.00 605.00 485.00 
400.00 494.00 521.00 397.00 456.00 506.00 539.00 613.00 485.00 500.00 603.00 483.00 
408.00 500.00 550.00 404.00 446.00 487.00 540.00 616.00 489.00 500.00 604.00 485.00 
434.00 499.00 554.00 424.00 462.00 506.00 539.00 616.00 488.00 502.00 604.00 483.00 
411.00 508.00 526.00 414.00 447.00 521.00 539.00 616.00 489.00 502.00 604.00 483.00 
417.00 478.00 486.00 396.00 438.00 544.00 538.00 615.00 491.00 501.00 604.00 484.00 
386.00 507.00 471.00 394.00 443.00 554.00 538.00 618.00 488.00 499.00 604.00 484.00 
399.00 513.00 471.00 403.00 450.00 599.00 538.00 620.00 493.00 501.00 605.00 482.00 
386.00 505.00 468.00 390.00 459.00 564.00 537.00 617.00 490.00 502.00 605.00 483.00 
401.00 523.00 495.00 397.00 445.00 533.00 539.00 615.00 490.00 502.00 603.00 481.00 
438.00 489.00 568.00 429.00 482.00 512.00 539.00 619.00 487.00 503.00 603.00 484.00 
396.00 512.00 580.00 409.00 479.00 492.00 540.00 616.00 488.00 502.00 603.00 483.00 
438.00 508.00 571.00 426.00 468.00 511.00 539.00 618.00 489.00 500.00 605.00 484.00 
420.00 517.00 499.00 404.00 454.00 534.00 540.00 616.00 488.00 503.00 605.00 484.00 
366.00 513.00 452.00 384.00 457.00 557.00 541.00 609.00 490.00 501.00 603.00 484.00 
378.00 545.00 464.00 416.00 460.00 605.00 540.00 610.00 488.00 501.00 602.00 482.00 
417.00 527.00 454.00 412.00 461.00 589.00 539.00 621.00 488.00 502.00 603.00 483.00 
380.00 519.00 476.00 396.00 448.00 557.00 538.00 616.00 489.00 502.00 604.00 483.00 
437.00 515.00 519.00 418.00 442.00 530.00 539.00 618.00 489.00 500.00 603.00 482.00 
415.00 514.00 521.00 421.00 478.00 537.00 539.00 616.00 491.00 500.00 602.00 484.00 
450.00 536.00 501.00 417.00 475.00 529.00 540.00 617.00 490.00 499.00 604.00 482.00 
383.00 503.00 513.00 406.00 519.00 570.00 543.00 617.00 492.00 501.00 604.00 484.00 
418.00 602.00 519.00 411.00 578.00 573.00 538.00 614.00 491.00 500.00 604.00 483.00 
446.00 517.00 518.00 435.00 577.00 566.00 542.00 614.00 491.00 499.00 602.00 484.00 
433.00 583.00 534.00 434.00 583.00 567.00 540.00 618.00 491.00 500.00 603.00 485.00 
422.00 582.00 530.00 427.00 581.00 564.00 542.00 617.00 491.00 501.00 606.00 484.00 
425.00 584.00 528.00 427.00 583.00 568.00 539.00 615.00 492.00 498.00 602.00 484.00 
425.00 586.00 530.00 428.00 582.00 568.00 542.00 616.00 491.00 499.00 605.00 486.00 
425.00 582.00 526.00 428.00 582.00 568.00 540.00 615.00 489.00 500.00 604.00 484.00 
425.00 585.00 528.00 426.00 582.00 566.00 541.00 616.00 491.00 498.00 605.00 486.00 
424.00 584.00 529.00 426.00 582.00 566.00 542.00 616.00 490.00 498.00 604.00 487.00 
426.00 583.00 527.00 429.00 584.00 567.00 540.00 616.00 488.00 500.00 605.00 486.00 
423.00 583.00 530.00 428.00 583.00 567.00 540.00 616.00 489.00 500.00 604.00 484.00 
425.00 584.00 528.00 426.00 583.00 567.00 541.00 615.00 490.00 498.00 605.00 486.00 
424.00 582.00 529.00 425.00 582.00 568.00 543.00 616.00 492.00 497.00 604.00 485.00 
425.00 584.00 529.00 428.00 582.00 568.00 544.00 617.00 491.00 499.00 604.00 486.00 
424.00 582.00 529.00 427.00 580.00 568.00 541.00 616.00 491.00 498.00 604.00 486.00 
425.00 582.00 529.00 425.00 582.00 569.00 543.00 615.00 492.00 498.00 604.00 484.00 
422.00 581.00 529.00 425.00 580.00 568.00 542.00 616.00 491.00 498.00 605.00 485.00 
423.00 582.00 529.00 426.00 581.00 568.00 543.00 616.00 492.00 499.00 602.00 486.00 
422.00 584.00 528.00 427.00 582.00 568.00 541.00 617.00 490.00 498.00 604.00 487.00 
425.00 582.00 530.00 426.00 581.00 567.00 542.00 616.00 493.00 497.00 604.00 486.00 
424.00 582.00 528.00 424.00 581.00 569.00 541.00 616.00 491.00 497.00 605.00 484.00 
422.00 582.00 530.00 426.00 580.00 569.00 542.00 615.00 492.00 498.00 604.00 486.00 
