04.00 597.00 506.00 606.00 489.00 516.00 615.00 470.00 
447.00 505.00 600.00 551.00 501.00 596.00 505.00 605.00 489.00 516.00 615.00 469.00 
447.00 507.00 601.00 549.00 504.00 598.00 506.00 606.00 489.00 516.00 614.00 469.00 
446.00 506.00 601.00 549.00 504.00 597.00 505.00 606.00 490.00 515.00 615.00 470.00 
446.00 506.00 601.00 548.00 503.00 598.00 505.00 606.00 489.00 517.00 615.00 469.00 
446.00 505.00 601.00 551.00 501.00 598.00 505.00 606.00 488.00 517.00 614.00 469.00 
447.00 507.00 601.00 546.00 504.00 598.00 506.00 606.00 489.00 516.00 615.00 470.00 
447.00 505.00 600.00 549.00 504.00 597.00 506.00 605.00 489.00 516.00 614.00 470.00 
447.00 505.00 600.00 550.00 504.00 597.00 505.00 605.00 488.00 516.00 614.00 469.00 
446.00 505.00 601.00 547.00 503.00 598.00 505.00 606.00 489.00 517.00 615.00 469.00 
446.00 505.00 600.00 548.00 505.00 597.00 504.00 606.00 489.00 517.00 615.00 469.00 
446.00 505.00 601.00 547.00 504.00 596.00 506.00 606.00 489.00 517.00 615.00 469.00 
446.00 505.00 601.00 553.00 505.00 597.00 504.00 606.00 488.00 516.00 614.00 469.00 
447.00 506.00 601.00 549.00 504.00 596.00 506.00 606.00 488.00 515.00 614.00 468.00 
446.00 506.00 601.00 550.00 504.00 598.00 505.00 605.00 490.00 516.00 615.00 469.00 
447.00 506.00 600.00 551.00 504.00 597.00 505.00 605.00 489.00 517.00 614.00 469.00 
446.00 506.00 600.00 548.00 505.00 596.00 506.00 606.00 489.00 517.00 615.00 469.00 
445.00 506.00 600.00 550.00 503.00 598.00 505.00 606.00 489.00 516.00 614.00 470.00 
445.00 505.00 601.00 549.00 503.00 597.00 505.00 605.00 489.00 516.00 614.00 469.00 
446.00 505.00 601.00 549.00 504.00 597.00 505.00 605.00 488.00 516.00 614.00 470.00 
446.00 505.00 600.00 550.00 503.00 597.00 504.00 605.00 490.00 516.00 615.00 470.00 
446.00 506.00 601.00 551.00 503.00 597.00 504.00 606.00 490.00 516.00 614.00 468.00 
446.00 505.00 600.00 550.00 504.00 597.00 505.00 605.00 488.00 517.00 615.00 470.00 
446.00 506.00 601.00 550.00 504.00 596.00 506.00 605.00 488.00 516.00 615.00 468.00 
446.00 506.00 601.00 550.00 503.00 596.00 505.00 606.00 489.00 516.00 615.00 469.00 
447.00 506.00 601.00 550.00 503.00 596.00 505.00 605.00 489.00 517.00 615.00 468.00 
447.00 506.00 601.00 551.00 503.00 596.00 505.00 606.00 489.00 516.00 614.00 470.00 
446.00 505.00 602.00 552.00 503.00 597.00 505.00 606.00 489.00 517.00 615.00 469.00 
447.00 505.00 601.00 553.00 503.00 596.00 505.00 606.00 489.00 517.00 615.00 470.00 
446.00 505.00 601.00 554.00 502.00 596.00 504.00 606.00 488.00 517.00 614.00 470.00 
447.00 504.00 601.00 554.00 503.00 596.00 506.00 606.00 489.00 517.00 614.00 470.00 
447.00 505.00 601.00 552.00 504.00 596.00 505.00 605.00 489.00 516.00 614.00 469.00 
445.00 505.00 600.00 553.00 503.00 596.00 504.00 606.00 490.00 518.00 614.00 470.00 
446.00 506.00 600.00 552.00 504.00 596.00 504.00 606.00 488.00 518.00 614.00 469.00 
446.00 506.00 601.00 552.00 504.00 596.00 504.00 605.00 488.00 516.00 615.00 470.00 
447.00 505.00 601.00 553.00 503.00 595.00 505.00 606.00 489.00 516.00 614.00 468.00 
447.00 506.00 601.00 553.00 504.00 596.00 505.00 606.00 489.00 518.00 614.00 469.00 
446.00 506.00 601.00 553.00 504.00 596.00 504.00 606.00 490.00 518.00 614.00 468.00 
447.00 506.00 601.00 553.00 503.00 596.00 505.00 606.00 489.00 517.00 615.00 469.00 
446.00 505.00 602.00 553.00 503.00 594.00 505.00 606.00 489.00 518.00 614.00 469.00 
447.00 504.00 601.00 553.00 504.00 595.00 504.00 606.00 491.00 517.00 615.00 469.00 
445.00 505.00 601.00 554.00 503.00 596.00 504.00 606.00 489.00 518.00 615.00 470.00 
447.00 506.00 601.00 554.00 504.00 594.00 504.00 606.00 489.00 517.00 615.00 469.00 
447.00 506.00 599.00 554.00 502.00 595.00 505.00 606.00 490.00 517.00 615.00 470.00 
447.00 504.00 601.00 553.00 504.00 596.00 505.00 606.00 488.00 517.00 615.00 470.00 
446.00 506.00 601.00 554.00 504.00 595.00 504.00 606.00 489.00 517.00 614.00 469.00 
446.00 506.00 601.00 553.00 503.00 596.00 505.00 605.00 489.00 516.00 614.00 470.00 
446.00 505.00 601.00 553.00 504.00 597.00 504.00 605.00 489.00 517.00 614.00 469.00 
447.00 505.00 602.00 553.00 504.00 596.00 505.00 605.00 488.00 517.00 615.00 468.00 
446.00 506.00 600.00 554.00 503.00 595.00 504.00 606.00 489.00 517.00 615.00 469.00 
446.00 505.00 600.00 554.00 503.00 595.00 505.00 605.00 488.00 517.00 615.00 468.00 
446.00 504.00 601.00 553.00 503.00 595.00 505.00 606.00 489.00 517.00 615.00 469.00 
447.00 504.00 601.00 554.00 503.00 596.00 505.00 605.00 488.00 518.00 615.00 469.00 
447.00 504.00 602.00 553.00 503.00 594.00 505.00 605.00 488.00 516.00 615.00 469.00 
447.00 505.00 601.00 554.00 503.00 596.00 505.00 605.00 488.00 517.00 615.00 468.00 
446.00 505.00 600.00 554.00 502.00 595.00 505.00 606.00 490.00 517.00 615.00 469.00 
447.00 505.00 601.00 553.00 503.00 596.00 504.00 605.00 489.00 517.00 614.00 470.00 
446.00 506.00 601.00 554.00 503.00 596.00 504.00 605.00 489.00 517.00 615.00 470.00 
446.00 505.00 600.00 553.00 502.00 596.00 505.00 605.00 489.00 516.00 615.00 469.00 
446.00 505.00 601.00 554.00 503.00 595.00 504.00 606.00 489.00 518.00 615.00 469.00 
447.00 506.00 601.00 553.00 504.00 596.00 503.00 606.00 489.00 517.00 615.00 470.00 
447.00 504.00 600.00 554.00 503.00 595.00 504.00 606.00 489.00 517.00 615.00 470.00 
446.00 506.00 600.00 554.00 503.00 595.00 504.00 605.00 488.00 517.00 614.00 471.00 
446.00 505.00 601.00 553.00 502.00 596.00 504.00 606.00 488.00 517.00 615.00 469.00 
446.00 505.00 601.00 554.00 504.00 597.00 504.00 606.00 490.00 517.00 615.00 469.00 
447.00 505.00 601.00 554.00 504.00 596.00 505.00 606.00 490.00 518.00 614.00 469.00 
447.00 505.00 601.00 554.00 503.00 595.00 505.00 606.00 489.00 517.00 615.00 469.00 
447.00 505.00 602.00 555.00 503.00 595.00 505.00 606.00 490.00 518.00 615.00 469.00 
446.00 505.00 602.00 554.00 504.00 595.00 505.00 606.00 490.00 517.00 614.00 470.00 
446.00 505.00 601.00 554.00 503.00 596.00 504.00 605.00 489.00 518.00 614.00 470.00 
445.00 503.00 600.00 556.00 501.00 595.00 504.00 606.00 490.00 517.00 615.00 469.00 
446.00 502.00 600.00 554.00 503.00 596.00 505.00 606.00 488.00 516.00 616.00 470.00 
443.00 503.00 600.00 551.00 510.00 596.00 507.00 606.00 488.00 515.00 614.00 469.00 
440.00 502.00 599.00 551.00 514.00 598.00 507.00 606.00 489.00 513.00 614.00 468.00 
440.00 501.00 598.00 550.00 513.00 596.00 507.00 607.00 489.00 514.00 614.00 467.00 
439.00 503.00 598.00 550.00 512.00 597.00 507.00 607.00 491.00 513.00 614.00 467.00 
440.00 503.00 594.00 553.00 508.00 596.00 507.00 605.00 491.00 513.00 614.00 466.00 
403.00 513.00 594.00 556.00 503.00 594.00 508.00 604.00 487.00 511.00 615.00 471.00 
454.00 515.00 598.00 556.00 500.00 592.00 514.00 604.00 481.00 510.00 615.00 475.00 
453.00 521.00 575.00 558.00 495.00 596.00 519.00 603.00 480.00 573.00 616.00 455.00 
496.00 622.00 583.00 559.00 497.00 593.00 520.00 604.00 479.00 488.00 630.00 510.00 
488.00 612.00 564.00 544.00 513.00 600.00 519.00 603.00 490.00 510.00 608.00 490.00 
470.00 611.00 565.00 544.00 523.00 598.00 490.00 599.00 488.00 502.00 621.00 487.00 
481.00 604.00 557.00 538.00 525.00 597.00 519.00 597.00 496.00 515.00 610.00 474.00 
473.00 613.00 564.00 550.00 522.00 591.00 496.00 605.00 501.00 505.00 616.00 483.00 
486.00 608.00 571.00 557.00 506.00 595.00 519.00 607.00 485.00 512.00 622.00 497.00 
481.00 586.00 590.00 555.00 509.00 595.00 518.00 605.00 484.00 514.00 606.00 512.00 
492.00 610.00 563.00 550.00 515.00 596.00 515.00 606.00 485.00 505.00 628.00 500.00 
484.00 608.00 564.00 552.00 516.00 595.00 513.00 608.00 488.00 512.00 619.00 496.00 
482.00 605.00 565.00 552.00 516.00 596.00 513.00 607.00 490.00 518.00 620.00 488.00 
482.00 607.00 562.00 554.00 516.00 594.00 512.00 608.00 490.00 517.00 621.00 488.00 
484.00 607.00 563.00 553.00 516.00 596.00 512.00 607.00 490.00 516.00 621.00 494.00 
482.00 607.00 563.00 554.00 516.00 594.00 512.00 606.00 490.00 517.00 620.00 489.00 
483.00 607.00 563.00 554.00 517.00 595.00 511.00 605.00 490.00 519.00 621.00 489.00 
483.00 607.00 562.00 555.00 516.00 594.00 512.00 606.00 491.00 517.00 620.00 491.00 
483.00 607.00 563.00 554.00 516.00 593.00 511.00 606.00 490.00 518.00 621.00 491.00 
483.00 606.00 564.00 556.00 516.00 594.00 512.00 606.00 491.00 518.00 619.00 488.00 
483.00 607.00 563.00 555.00 515.00 595.00 511.00 607.00 491.00 517.00 619.00 491.00 
483.00 608.00 563.00 556.00 516.00 594.00 512.00 607.00 491.00 517.00 620.00 491.00 
483.00 607.00 564.00 557.00 515.00 594.00 511.00 606.00 490.00 518.00 619.00 489.00 
483.00 607.00 563.00 557.00 516.00 596.00 511.00 606.00 490.00 519.00 620.00 490.00 
482.00 605.00 565.00 556.00 517.00 594.00 511.00 605.00 490.00 517.00 621.00 490.00 
483.00 606.00 564.00 555.00 518.00 594.00 511.00 606.00 491.00 519.00 620.00 489.00 
471.00 611.00 580.00 558.00 535.00 584.00 512.00 607.00 491.00 518.00 620.00 489.00 
449.00 570.00 572.00 549.00 474.00 596.00 509.00 606.00 492.00 517.00 617.00 491.00 
442.00 553.00 557.00 554.00 513.00 562.00 505.00 604.00 492.00 522.00 619.00 481.00 
461.00 602.00 574.00 624.00 615.00 591.00 507.00 606.00 493.00 521.00 615.00 477.00 
452.00 573.00 552.00 476.00 589.00 545.00 507.00 606.00 492.00 510.00 596.00 490.00 
481.00 605.00 564.00 567.00 593.00 547.00 508.00 606.00 491.00 522.00 619.00 481.00 
477.00 604.00 563.00 559.00 593.00 549.00 507.00 606.00 492.00 525.00 618.00 483.00 
479.00 606.00 563.00 561.00 593.00 551.00 508.00 608.00 492.00 521.00 620.00 492.00 
478.00 612.00 562.00 561.00 590.00 551.00 508.00 608.00 491.00 519.00 619.00 486.00 
481.00 607.00 563.00 560.00 590.00 550.00 507.00 607.00 491.00 522.00 616.00 485.00 
480.00 607.00 563.00 562.00 591.00 550.00 507.00 606.00 493.00 521.00 619.00 488.00 
479.00 607.00 562.00 560.00 590.00 550.00 507.00 607.00 492.00 519.00 618.00 492.00 
479.00 605.00 564.00 561.00 591.00 551.00 507.00 607.00 493.00 521.00 618.00 487.00 
480.00 606.00 564.00 560.00 592.00 550.00 506.00 606.00 492.00 521.00 619.00 487.00 
480.00 607.00 563.00 564.00 590.00 551.00 507.00 606.00 492.00 520.00 619.00 492.00 
480.00 605.00 563.00 560.00 591.00 550.00 507.00 606.00 491.00 521.00 620.00 488.00 
481.00 606.00 562.00 560.00 591.00 549.00 508.00 606.00 490.00 521.00 618.00 487.00 
480.00 606.00 562.00 561.00 590.00 549.00 507.00 608.00 493.00 521.00 618.00 490.00 
479.00 606.00 563.00 560.00 591.00 550.00 508.00 607.00 491.00 520.00 619.00 489.00 
480.00 606.00 564.00 560.00 590.00 550.00 506.00 606.00 491.00 521.00 618.00 488.00 
481.00 606.00 563.00 560.00 591.00 551.00 507.00 607.00 492.00 521.00 619.00 488.00 
479.00 607.00 564.00 560.00 591.00 549.00 507.00 605.00 494.00 521.00 620.00 489.00 
481.00 607.00 562.00 561.00 591.00 550.00 506.00 607.00 491.00 522.00 619.00 487.00 
481.00 606.00 563.00 560.00 592.00 550.00 507.00 606.00 491.00 522.00 619.00 488.00 
480.00 606.00 563.00 560.00 592.00 550.00 507.00 606.00 491.00 520.00 619.00 489.00 
480.00 606.00 563.00 559.00 591.00 548.00 506.00 605.00 491.00 521.00 619.00 489.00 
480.00 604.00 563.00 558.00 596.00 548.00 505.00 606.00 492.00 521.00 619.00 488.00 
477.00 608.00 554.00 559.00 594.00 554.00 507.00 611.00 489.00 518.00 619.00 487.00 
457.00 610.00 549.00 550.00 586.00 556.00 531.00 602.00 488.00 520.00 617.00 484.00 
467.00 614.00 551.00 559.00 586.00 559.00 507.00 601.00 492.00 533.00 636.00 517.00 
471.00 601.00 558.00 581.00 581.00 541.00 511.00 602.00 486.00 496.00 619.00 444.00 
498.00 621.00 561.00 591.00 569.00 548.00 514.00 613.00 491.00 543.00 579.00 400.00 
465.00 622.00 533.00 558.00 576.00 565.00 478.00 612.00 457.00 580.00 567.00 452.00 
474.00 610.00 539.00 573.00 579.00 542.00 522.00 603.00 480.00 492.00 645.00 472.00 
474.00 628.00 564.00 591.00 581.00 537.00 493.00 594.00 476.00 493.00 597.00 482.00 
448.00 586.00 545.00 603.00 577.00 525.00 513.00 608.00 475.00 481.00 621.00 482.00 
478.00 607.00 572.00 604.00 560.00 522.00 511.00 605.00 471.00 472.00 604.00 493.00 
472.00 625.00 555.00 610.00 564.00 522.00 504.00 602.00 483.00 517.00 620.00 475.00 
487.00 618.00 538.00 583.00 551.00 550.00 529.00 598.00 443.00 506.00 630.00 496.00 
486.00 625.00 533.00 597.00 556.00 537.00 533.00 611.00 491.00 490.00 614.00 483.00 
493.00 626.00 542.00 601.00 563.00 533.00 544.00 594.00 458.00 498.00 616.00 480.00 
476.00 615.00 535.00 608.00 559.00 526.00 521.00 604.00 479.00 497.00 618.00 484.00 
475.00 612.00 541.00 609.00 551.00 530.00 521.00 602.00 475.00 496.00 615.00 477.00 
463.00 600.00 537.00 642.00 551.00 552.00 516.00 610.00 486.00 563.00 660.00 477.00 
427.00 558.00 524.00 581.00 502.00 540.00 524.00 587.00 473.00 480.00 615.00 494.00 
400.00 590.00 526.00 609.00 487.00 494.00 526.00 603.00 457.00 499.00 621.00 488.00 
438.00 548.00 547.00 590.00 438.00 500.00 512.00 600.00 480.00 457.00 587.00 508.00 
388.00 520.00 563.00 588.00 418.00 502.00 518.00 606.00 473.00 459.00 623.00 501.00 
421.00 504.00 549.00 592.00 443.00 498.00 517.00 602.00 477.00 486.00 617.00 499.00 
410.00 533.00 510.00 592.00 438.00 501.00 517.00 604.00 479.00 489.00 616.00 497.00 
397.00 503.00 574.00 602.00 440.00 543.00 516.00 604.00 479.00 488.00 617.00 500.00 
415.00 512.00 552.00 595.00 448.00 508.00 512.00 604.00 479.00 488.00 618.00 499.00 
392.00 519.00 560.00 601.00 449.00 512.00 522.00 603.00 478.00 485.00 616.00 499.00 
405.00 529.00 560.00 631.00 460.00 524.00 511.00 609.00 477.00 485.00 616.00 494.00 
408.00 525.00 562.00 608.00 446.00 506.00 521.00 603.00 474.00 476.00 613.00 502.00 
404.00 571.00 593.00 603.00 457.00 512.00 522.00 604.00 477.00 473.00 613.00 504.00 
408.00 548.00 564.00 607.00 460.00 516.00 519.00 602.00 478.00 477.00 616.00 501.00 
405.00 512.00 554.00 603.00 454.00 517.00 519.00 603.00 478.00 480.00 617.00 504.00 
442.00 536.00 575.00 613.00 455.00 515.00 518.00 603.00 477.00 481.00 615.00 500.00 
413.00 544.00 556.00 588.00 472.00 534.00 522.00 603.00 479.00 479.00 615.00 500.00 
455.00 586.00 603.00 606.00 484.00 539.00 522.00 602.00 479.00 482.00 616.00 499.00 
469.00 621.00 555.00 619.00 473.00 554.00 522.00 605.00 478.00 478.00 615.00 498.00 
479.00 606.00 567.00 615.00 507.00 555.00 520.00 604.00 480.00 479.00 616.00 499.00 
483.00 610.00 559.00 603.00 509.00 554.00 521.00 604.00 479.00 480.00 616.00 497.00 
482.00 609.00 560.00 604.00 508.00 552.00 520.00 604.00 479.00 481.00 616.00 498.00 
480.00 608.00 557.00 605.00 508.00 548.00 521.00 604.00 480.00 481.00 615.00 497.00 
485.00 609.00 559.00 603.00 528.00 550.00 522.00 604.00 480.00 480.00 615.00 497.00 
479.00 610.00 555.00 594.00 527.00 550.00 522.00 604.00 479.00 480.00 615.00 496.00 
480.00 611.00 555.00 601.00 534.00 549.00 522.00 604.00 480.00 481.00 615.00 497.00 
479.00 610.00 555.00 601.00 531.00 553.00 521.00 605.00 481.00 482.00 617.00 497.00 
479.00 610.00 555.00 602.00 531.00 553.00 520.00 605.00 481.00 482.00 616.00 497.00 
480.00 612.00 555.00 601.00 529.00 555.00 521.00 605.00 480.00 482.00 616.00 497.00 
479.00 610.00 554.00 599.00 530.00 555.00 521.00 604.00 481.00 482.00 615.00 498.00 
478.00 611.00 556.00 600.00 528.00 554.00 520.00 603.00 481.00 481.00 616.00 498.00 
481.00 610.00 554.00 603.00 523.00 556.00 521.00 604.00 480.00 482.00 616.00 497.00 
481.00 611.00 556.00 598.00 523.00 555.00 521.00 604.00 481.00 481.00 615.00 498.00 
480.00 610.00 556.00 598.00 521.00 556.00 522.00 603.00 480.00 483.00 615.00 497.00 
479.00 610.00 557.00 604.00 519.00 558.00 521.00 604.00 481.00 481.00 616.00 497.00 
471.00 624.00 570.00 611.00 517.00 555.00 521.00 604.00 480.00 481.00 615.00 498.00 
435.00 563.00 568.00 620.00 490.00 481.00 523.00 605.00 479.00 482.00 616.00 499.00 
423.00 570.00 565.00 594.00 445.00 478.00 522.00 605.00 480.00 481.00 617.00 498.00 
429.00 583.00 569.00 599.00 438.00 452.00 515.00 605.00 481.00 483.00 618.00 501.00 
457.00 581.00 552.00 591.00 456.00 485.00 517.00 600.00 478.00 482.00 609.00 487.00 
434.00 614.00 548.00 605.00 470.00 482.00 511.00 616.00 528.00 452.00 648.00 468.00 
485.00 612.00 534.00 615.00 506.00 491.00 559.00 585.00 467.00 482.00 610.00 464.00 
455.00 605.00 536.00 613.00 501.00 482.00 516.00 600.00 443.00 470.00 603.00 468.00 
435.00 561.00 565.00 623.00 476.00 482.00 508.00 610.00 477.00 495.00 629.00 470.00 
441.00 553.00 581.00 598.00 487.00 500.00 514.00 608.00 484.00 477.00 578.00 428.00 
441.00 523.00 590.00 613.00 474.00 517.00 487.00 633.00 488.00 450.00 632.00 442.00 
414.00 544.00 591.00 609.00 497.00 564.00 540.00 556.00 489.00 482.00 601.00 450.00 
412.00 537.00 594.00 591.00 526.00 587.00 378.00 595.00 467.00 486.00 617.00 466.00 
487.00 485.00 610.00 557.00 497.00 593.00 513.00 609.00 479.00 478.00 609.00 476.00 
438.00 477.00 585.00 565.00 500.00 593.00 505.00 610.00 483.00 470.00 589.00 452.00 
439.00 485.00 589.00 549.00 505.00 599.00 507.00 608.00 489.00 491.00 621.00 464.00 
432.00 523.00 592.00 536.00 507.00 597.00 480.00 581.00 505.00 485.00 614.00 460.00 
433.00 500.00 593.00 541.00 503.00 599.00 465.00 632.00 497.00 502.00 603.00 461.00 
442.00 497.00 596.00 546.00 512.00 600.00 501.00 617.00 498.00 508.00 606.00 457.00 
442.00 503.00 597.00 549.00 510.00 596.00 510.00 613.00 497.00 511.00 609.00 460.00 
441.00 498.00 597.00 547.00 509.00 598.00 504.00 603.00 496.00 512.00 610.00 460.00 
441.00 500.00 597.00 550.00 509.00 599.00 505.00 608.00 496.00 514.00 611.00 460.00 
441.00 498.00 596.00 543.00 510.00 598.00 504.00 606.00 494.00 514.00 611.00 460.00 
440.00 498.00 596.00 551.00 506.00 599.00 506.00 607.00 495.00 514.00 611.00 459.00 
440.00 498.00 596.00 547.00 509.00 596.00 505.00 607.00 495.00 514.00 611.00 459.00 
440.00 498.00 596.00 547.00 509.00 596.00 505.00 606.00 495.00 513.00 611.00 459.00 
440.00 497.00 597.00 546.00 508.00 600.00 505.00 606.00 494.00 514.00 610.00 458.00 
439.00 499.00 597.00 550.00 509.00 598.00 505.00 606.00 495.00 513.00 611.00 460.00 
441.00 497.00 597.00 548.00 507.00 598.00 505.00 607.00 496.00 514.00 610.00 459.00 
440.00 498.00 596.00 548.00 507.00 597.00 505.00 606.00 496.00 514.00 610.00 458.00 
441.00 499.00 597.00 551.00 506.00 598.00 504.00 607.00 496.00 515.00 611.00 458.00 
441.00 498.00 596.00 546.00 508.00 597.00 503.00 607.00 496.00 514.00 609.00 459.00 
440.00 497.00 597.00 550.00 507.00 598.00 505.00 606.00 497.00 514.00 609.00 459.00 
440.00 498.00 595.00 548.00 506.00 597.00 505.00 607.00 497.00 515.00 610.00 459.00 
440.00 498.00 596.00 550.00 506.00 598.00 504.00 607.00 496.00 513.00 610.00 459.00 
440.00 499.00 596.00 549.00 506.00 598.00 504.00 606.00 497.00 514.00 610.00 460.00 
440.00 498.00 597.00 546.00 506.00 597.00 504.00 606.00 496.00 514.00 610.00 458.00 
440.00 499.00 596.00 547.00 505.00 599.00 503.00 607.00 497.00 514.00 611.00 458.00 
440.00 500.00 597.00 549.00 507.00 598.00 503.00 606.00 496.00 515.00 610.00 459.00 
441.00 500.00 598.00 550.00 507.00 597.00 504.00 605.00 496.00 514.00 609.00 457.00 
443.00 499.00 598.00 552.00 507.00 597.00 509.00 608.00 497.00 503.00 607.00 457.00 
442.00 501.00 598.00 551.00 506.00 597.00 513.00 607.00 497.00 500.00 607.00 457.00 
441.00 501.00 598.00 553.00 508.00 596.00 511.00 607.00 498.00 502.00 609.00 456.00 
441.00 501.00 598.00 548.00 508.00 597.00 509.00 608.00 498.00 503.00 608.00 457.00 
441.00 501.00 598.00 549.00 509.00 597.00 511.00 607.00 497.00 503.00 608.00 457.00 
4414.00 
5.00 598.00 466.00 556.00 602.00 462.00 
487.00 549.00 609.00 556.00 522.00 593.00 505.00 597.00 467.00 556.00 603.00 462.00 
5.00 598.00 466.00 556.00 602.00 462.00 
487.00 549.00 609.00 556.00 522.00 593.00 505.00 597.00 467.00 556.00 603.00 462.00 
486.00 548.00 610.00 559.00 521.00 593.00 506.00 598.00 466.00 556.00 602.00 462.00 
487.00 548.00 610.00 558.00 522.00 591.00 505.00 599.00 466.00 555.00 602.00 461.00 
486.00 550.00 610.00 557.00 522.00 593.00 505.00 598.00 467.00 556.00 603.00 461.00 
486.00 550.00 609.00 558.00 522.00 592.00 504.00 599.00 466.00 556.00 602.00 461.00 
484.00 549.00 610.00 558.00 522.00 592.00 505.00 598.00 467.00 556.00 601.00 461.00 
485.00 548.00 609.00 557.00 522.00 593.00 505.00 599.00 467.00 556.00 602.00 461.00 
483.00 549.00 609.00 557.00 521.00 593.00 505.00 598.00 466.00 555.00 602.00 461.00 
484.00 548.00 609.00 558.00 522.00 593.00 505.00 598.00 466.00 556.00 603.00 461.00 
485.00 548.00 609.00 557.00 520.00 593.00 505.00 599.00 467.00 556.00 602.00 462.00 
483.00 548.00 610.00 557.00 520.00 596.00 506.00 598.00 466.00 556.00 602.00 461.00 
485.00 548.00 610.00 560.00 519.00 593.00 505.00 599.00 465.00 556.00 602.00 461.00 
486.00 549.00 610.00 556.00 521.00 594.00 505.00 598.00 466.00 555.00 602.00 463.00 
487.00 548.00 610.00 559.00 519.00 594.00 505.00 598.00 466.00 556.00 601.00 461.00 
487.00 548.00 610.00 556.00 520.00 593.00 505.00 597.00 466.00 555.00 602.00 462.00 
487.00 549.00 610.00 557.00 519.00 594.00 505.00 598.00 466.00 556.00 602.00 462.00 
486.00 548.00 609.00 558.00 520.00 593.00 504.00 599.00 466.00 556.00 603.00 462.00 
487.00 548.00 610.00 557.00 521.00 593.00 504.00 598.00 466.00 555.00 602.00 461.00 
486.00 549.00 610.00 559.00 519.00 593.00 505.00 598.00 466.00 556.00 602.00 461.00 
487.00 549.00 610.00 557.00 519.00 594.00 505.00 598.00 466.00 557.00 602.00 462.00 
486.00 547.00 610.00 557.00 519.00 593.00 504.00 598.00 465.00 556.00 603.00 462.00 
486.00 548.00 609.00 556.00 519.00 593.00 504.00 599.00 467.00 556.00 602.00 461.00 
486.00 549.00 609.00 556.00 518.00 593.00 504.00 598.00 467.00 556.00 602.00 462.00 
485.00 548.00 608.00 556.00 519.00 593.00 504.00 597.00 467.00 557.00 602.00 462.00 
485.00 549.00 610.00 558.00 518.00 593.00 504.00 598.00 466.00 557.00 602.00 461.00 
485.00 549.00 610.00 557.00 518.00 593.00 503.00 598.00 466.00 557.00 602.00 462.00 
486.00 549.00 610.00 557.00 518.00 594.00 504.00 599.00 467.00 557.00 602.00 462.00 
486.00 549.00 610.00 555.00 518.00 594.00 504.00 599.00 466.00 557.00 602.00 463.00 
485.00 548.00 610.00 558.00 520.00 593.00 503.00 598.00 467.00 556.00 603.00 461.00 
486.00 548.00 610.00 557.00 518.00 594.00 503.00 597.00 466.00 556.00 603.00 462.00 
485.00 548.00 610.00 556.00 519.00 593.00 504.00 598.00 467.00 556.00 602.00 463.00 
486.00 548.00 610.00 557.00 521.00 592.00 504.00 597.00 465.00 556.00 602.00 462.00 
485.00 549.00 610.00 558.00 520.00 594.00 505.00 599.00 466.00 556.00 602.00 462.00 
485.00 548.00 610.00 557.00 520.00 593.00 505.00 599.00 466.00 556.00 602.00 461.00 
485.00 548.00 609.00 558.00 519.00 593.00 504.00 598.00 467.00 557.00 602.00 462.00 
485.00 548.00 608.00 557.00 519.00 592.00 504.00 597.00 467.00 555.00 602.00 462.00 
484.00 548.00 609.00 558.00 518.00 593.00 505.00 598.00 466.00 557.00 602.00 461.00 
486.00 549.00 609.00 559.00 517.00 593.00 504.00 597.00 466.00 556.00 601.00 461.00 
487.00 549.00 609.00 559.00 518.00 593.00 503.00 599.00 467.00 557.00 601.00 462.00 
487.00 549.00 609.00 560.00 519.00 593.00 506.00 599.00 466.00 559.00 604.00 461.00 
502.00 570.00 604.00 559.00 519.00 592.00 511.00 598.00 465.00 526.00 590.00 457.00 
493.00 521.00 603.00 562.00 516.00 587.00 511.00 600.00 470.00 543.00 604.00 438.00 
479.00 580.00 577.00 559.00 511.00 593.00 509.00 600.00 474.00 512.00 603.00 446.00 
479.00 611.00 565.00 552.00 519.00 592.00 493.00 612.00 471.00 514.00 600.00 444.00 
454.00 619.00 570.00 533.00 517.00 599.00 511.00 593.00 478.00 512.00 601.00 443.00 
419.00 485.00 530.00 543.00 525.00 599.00 466.00 619.00 467.00 516.00 602.00 442.00 
422.00 501.00 576.00 532.00 516.00 600.00 491.00 606.00 478.00 516.00 600.00 453.00 
454.00 527.00 650.00 539.00 520.00 601.00 530.00 592.00 463.00 516.00 602.00 442.00 
440.00 515.00 600.00 549.00 521.00 598.00 528.00 595.00 461.00 516.00 602.00 434.00 
447.00 513.00 601.00 548.00 520.00 599.00 527.00 597.00 462.00 519.00 596.00 447.00 
448.00 513.00 603.00 545.00 522.00 597.00 528.00 595.00 461.00 518.00 600.00 443.00 
451.00 518.00 603.00 549.00 521.00 596.00 531.00 595.00 463.00 518.00 599.00 441.00 
451.00 515.00 603.00 549.00 520.00 597.00 528.00 595.00 462.00 517.00 599.00 443.00 
450.00 516.00 604.00 548.00 520.00 596.00 527.00 595.00 460.00 517.00 599.00 441.00 
449.00 519.00 602.00 550.00 520.00 597.00 529.00 598.00 461.00 516.00 599.00 441.00 
448.00 517.00 602.00 548.00 520.00 596.00 528.00 596.00 461.00 517.00 598.00 441.00 
447.00 517.00 602.00 549.00 518.00 596.00 528.00 595.00 460.00 518.00 598.00 442.00 
446.00 517.00 601.00 547.00 520.00 597.00 527.00 595.00 461.00 517.00 598.00 441.00 
446.00 518.00 601.00 549.00 518.00 597.00 529.00 595.00 462.00 516.00 599.00 441.00 
445.00 517.00 600.00 549.00 518.00 597.00 528.00 596.00 461.00 516.00 599.00 442.00 
445.00 518.00 599.00 550.00 520.00 597.00 529.00 596.00 462.00 518.00 599.00 442.00 
444.00 518.00 600.00 550.00 519.00 596.00 528.00 595.00 462.00 517.00 599.00 442.00 
444.00 517.00 599.00 549.00 519.00 597.00 528.00 596.00 462.00 518.00 598.00 443.00 
444.00 518.00 600.00 550.00 519.00 597.00 528.00 595.00 461.00 517.00 598.00 442.00 
444.00 517.00 599.00 549.00 518.00 596.00 528.00 595.00 462.00 517.00 598.00 441.00 
443.00 518.00 599.00 549.00 517.00 596.00 527.00 596.00 462.00 517.00 598.00 442.00 
444.00 519.00 599.00 549.00 517.00 597.00 529.00 595.00 461.00 517.00 599.00 441.00 
442.00 520.00 598.00 546.00 516.00 599.00 527.00 597.00 463.00 516.00 598.00 442.00 
444.00 522.00 599.00 545.00 518.00 598.00 524.00 604.00 477.00 515.00 597.00 440.00 
444.00 522.00 599.00 547.00 517.00 597.00 506.00 602.00 459.00 511.00 599.00 439.00 
444.00 523.00 602.00 547.00 517.00 598.00 514.00 599.00 470.00 511.00 598.00 442.00 
446.00 523.00 598.00 549.00 510.00 596.00 507.00 602.00 468.00 511.00 599.00 441.00 
452.00 522.00 602.00 559.00 509.00 592.00 493.00 600.00 474.00 518.00 599.00 444.00 
465.00 529.00 601.00 559.00 505.00 596.00 506.00 600.00 466.00 519.00 602.00 443.00 
469.00 535.00 606.00 554.00 514.00 594.00 507.00 598.00 470.00 545.00 615.00 450.00 
519.00 517.00 612.00 556.00 510.00 594.00 510.00 599.00 468.00 561.00 573.00 435.00 
477.00 563.00 568.00 553.00 506.00 594.00 511.00 599.00 467.00 530.00 598.00 444.00 
469.00 555.00 565.00 557.00 501.00 595.00 520.00 596.00 461.00 536.00 596.00 445.00 
482.00 609.00 563.00 553.00 506.00 598.00 522.00 598.00 463.00 575.00 614.00 479.00 
480.00 614.00 564.00 539.00 516.00 599.00 528.00 599.00 464.00 522.00 612.00 458.00 
470.00 612.00 552.00 542.00 523.00 598.00 528.00 579.00 460.00 522.00 606.00 454.00 
477.00 604.00 560.00 543.00 509.00 598.00 508.00 606.00 472.00 531.00 615.00 460.00 
492.00 610.00 566.00 558.00 507.00 593.00 513.00 597.00 461.00 504.00 593.00 488.00 
469.00 585.00 574.00 556.00 506.00 593.00 509.00 602.00 470.00 544.00 501.00 355.00 
465.00 618.00 527.00 552.00 533.00 566.00 489.00 595.00 463.00 509.00 603.00 444.00 
458.00 613.00 543.00 576.00 507.00 560.00 501.00 598.00 479.00 509.00 599.00 439.00 
473.00 614.00 540.00 511.00 553.00 551.00 505.00 603.00 501.00 513.00 597.00 443.00 
479.00 603.00 554.00 553.00 610.00 557.00 499.00 608.00 481.00 505.00 600.00 439.00 
466.00 596.00 562.00 553.00 604.00 542.00 507.00 603.00 475.00 477.00 614.00 446.00 
482.00 614.00 558.00 560.00 588.00 551.00 504.00 603.00 477.00 500.00 601.00 446.00 
485.00 606.00 562.00 561.00 583.00 559.00 504.00 601.00 475.00 505.00 607.00 437.00 
483.00 604.00 564.00 566.00 573.00 563.00 495.00 599.00 476.00 444.00 608.00 455.00 
477.00 583.00 558.00 574.00 549.00 564.00 465.00 599.00 484.00 523.00 601.00 449.00 
481.00 621.00 549.00 587.00 578.00 561.00 432.00 471.00 466.00 490.00 646.00 444.00 
488.00 611.00 557.00 589.00 574.00 552.00 411.00 587.00 480.00 464.00 586.00 441.00 
494.00 621.00 565.00 575.00 525.00 575.00 462.00 603.00 493.00 478.00 592.00 426.00 
444.00 592.00 582.00 597.00 535.00 575.00 469.00 588.00 473.00 473.00 610.00 439.00 
488.00 609.00 554.00 575.00 551.00 568.00 470.00 593.00 484.00 461.00 600.00 397.00 
485.00 604.00 552.00 583.00 574.00 553.00 465.00 586.00 480.00 489.00 582.00 431.00 
475.00 613.00 547.00 586.00 594.00 534.00 473.00 635.00 436.00 552.00 605.00 444.00 
471.00 607.00 557.00 565.00 600.00 545.00 496.00 606.00 518.00 504.00 599.00 438.00 
483.00 595.00 571.00 580.00 578.00 540.00 507.00 604.00 471.00 529.00 617.00 461.00 
473.00 605.00 568.00 577.00 577.00 550.00 502.00 606.00 482.00 508.00 602.00 464.00 
457.00 601.00 551.00 556.00 584.00 561.00 509.00 613.00 462.00 514.00 618.00 476.00 
462.00 621.00 553.00 545.00 578.00 566.00 490.00 606.00 505.00 524.00 624.00 470.00 
458.00 611.00 554.00 561.00 591.00 558.00 458.00 602.00 465.00 527.00 611.00 467.00 
477.00 603.00 567.00 567.00 578.00 559.00 494.00 596.00 466.00 536.00 616.00 477.00 
468.00 591.00 553.00 565.00 575.00 558.00 487.00 603.00 462.00 462.00 592.00 482.00 
458.00 567.00 565.00 558.00 559.00 551.00 458.00 619.00 463.00 575.00 556.00 424.00 
448.00 621.00 581.00 582.00 611.00 567.00 434.00 521.00 448.00 527.00 630.00 460.00 
455.00 627.00 557.00 558.00 590.00 562.00 415.00 531.00 461.00 532.00 602.00 436.00 
453.00 633.00 576.00 583.00 605.00 566.00 424.00 522.00 455.00 526.00 641.00 427.00 
461.00 553.00 580.00 556.00 552.00 545.00 471.00 571.00 477.00 573.00 610.00 444.00 
453.00 579.00 560.00 570.00 560.00 559.00 494.00 601.00 470.00 394.00 664.00 418.00 
463.00 606.00 558.00 567.00 573.00 572.00 502.00 597.00 471.00 535.00 618.00 481.00 
469.00 606.00 557.00 571.00 581.00 561.00 501.00 601.00 474.00 529.00 616.00 467.00 
465.00 605.00 556.00 565.00 585.00 560.00 498.00 601.00 474.00 531.00 614.00 472.00 
465.00 603.00 558.00 567.00 581.00 557.00 497.00 602.00 475.00 532.00 613.00 466.00 
468.00 604.00 558.00 563.00 581.00 557.00 495.00 599.00 473.00 532.00 611.00 468.00 
463.00 600.00 556.00 560.00 582.00 562.00 505.00 624.00 463.00 534.00 611.00 464.00 
441.00 589.00 557.00 558.00 571.00 563.00 520.00 612.00 464.00 532.00 612.00 462.00 
464.00 606.00 560.00 562.00 587.00 568.00 541.00 638.00 463.00 549.00 653.00 438.00 
465.00 582.00 547.00 562.00 577.00 535.00 500.00 600.00 471.00 487.00 634.00 451.00 
457.00 666.00 568.00 541.00 626.00 552.00 483.00 581.00 473.00 537.00 617.00 431.00 
474.00 615.00 540.00 546.00 591.00 552.00 485.00 586.00 464.00 514.00 614.00 455.00 
457.00 576.00 564.00 563.00 586.00 547.00 496.00 597.00 457.00 579.00 606.00 424.00 
463.00 611.00 578.00 573.00 589.00 557.00 505.00 598.00 464.00 446.00 739.00 392.00 
481.00 585.00 550.00 554.00 566.00 560.00 468.00 621.00 442.00 517.00 611.00 475.00 
451.00 587.00 553.00 553.00 570.00 561.00 473.00 711.00 464.00 536.00 610.00 447.00 
464.00 605.00 574.00 575.00 569.00 570.00 495.00 596.00 480.00 520.00 600.00 451.00 
472.00 597.00 557.00 576.00 564.00 567.00 492.00 599.00 469.00 483.00 606.00 454.00 
458.00 635.00 574.00 570.00 601.00 576.00 474.00 674.00 485.00 529.00 563.00 424.00 
464.00 611.00 535.00 560.00 576.00 550.00 520.00 578.00 462.00 505.00 597.00 441.00 
474.00 577.00 560.00 560.00 600.00 553.00 447.00 593.00 480.00 524.00 595.00 435.00 
464.00 585.00 567.00 559.00 602.00 542.00 517.00 619.00 470.00 522.00 604.00 438.00 
459.00 602.00 559.00 561.00 599.00 551.00 492.00 621.00 474.00 522.00 601.00 442.00 
473.00 602.00 551.00 559.00 576.00 561.00 474.00 580.00 469.00 507.00 606.00 442.00 
458.00 605.00 557.00 558.00 581.00 563.00 385.00 610.00 468.00 505.00 602.00 441.00 
458.00 587.00 567.00 579.00 556.00 561.00 476.00 604.00 464.00 574.00 582.00 435.00 
453.00 591.00 565.00 576.00 571.00 565.00 502.00 599.00 465.00 478.00 623.00 511.00 
467.00 614.00 558.00 568.00 571.00 563.00 495.00 596.00 470.00 536.00 616.00 474.00 
469.00 602.00 557.00 570.00 577.00 557.00 502.00 600.00 471.00 533.00 614.00 468.00 
472.00 602.00 561.00 573.00 574.00 559.00 499.00 596.00 470.00 540.00 625.00 464.00 
465.00 587.00 560.00 573.00 575.00 559.00 497.00 598.00 469.00 520.00 606.00 454.00 
472.00 599.00 570.00 570.00 571.00 560.00 496.00 598.00 468.00 554.00 576.00 429.00 
474.00 589.00 556.00 553.00 579.00 555.00 540.00 563.00 468.00 535.00 603.00 435.00 
470.00 616.00 542.00 555.00 584.00 554.00 275.00 595.00 397.00 511.00 598.00 439.00 
465.00 604.00 556.00 549.00 593.00 544.00 499.00 605.00 464.00 527.00 591.00 439.00 
471.00 607.00 555.00 560.00 599.00 540.00 501.00 603.00 478.00 539.00 593.00 441.00 
458.00 611.00 554.00 570.00 578.00 555.00 472.00 580.00 460.00 515.00 594.00 437.00 
468.00 612.00 552.00 584.00 555.00 537.00 544.00 586.00 479.00 515.00 601.00 440.00 
484.00 603.00 547.00 584.00 546.00 500.00 495.00 618.00 481.00 567.00 638.00 458.00 
516.00 632.00 554.00 629.00 593.00 498.00 483.00 619.00 482.00 529.00 586.00 438.00 
521.00 604.00 568.00 612.00 574.00 509.00 476.00 602.00 480.00 532.00 595.00 440.00 
506.00 620.00 556.00 573.00 601.00 455.00 475.00 596.00 489.00 529.00 590.00 437.00 
513.00 618.00 554.00 587.00 537.00 465.00 481.00 628.00 485.00 534.00 593.00 436.00 
495.00 614.00 550.00 580.00 528.00 460.00 473.00 578.00 499.00 530.00 599.00 440.00 
504.00 620.00 547.00 574.00 542.00 473.00 491.00 603.00 473.00 531.00 593.00 440.00 
503.00 618.00 551.00 605.00 593.00 480.00 485.00 602.00 481.00 529.00 601.00 439.00 
504.00 615.00 548.00 604.00 577.00 532.00 490.00 602.00 482.00 525.00 598.00 444.00 
488.00 610.00 565.00 635.00 550.00 532.00 498.00 600.00 481.00 531.00 601.00 447.00 
456.00 591.00 612.00 622.00 483.00 523.00 512.00 593.00 472.00 545.00 604.00 454.00 
417.00 514.00 566.00 530.00 469.00 557.00 497.00 603.00 473.00 517.00 598.00 449.00 
473.00 517.00 567.00 571.00 504.00 590.00 494.00 607.00 493.00 532.00 592.00 442.00 
451.00 551.00 631.00 541.00 498.00 606.00 495.00 597.00 496.00 526.00 606.00 446.00 
450.00 524.00 598.00 551.00 528.00 602.00 496.00 602.00 473.00 520.00 596.00 447.00 
454.00 505.00 601.00 536.00 514.00 601.00 506.00 603.00 476.00 523.00 601.00 444.00 
451.00 514.00 604.00 546.00 514.00 600.00 506.00 601.00 472.00 526.00 602.00 449.00 
451.00 504.00 603.00 550.00 517.00 599.00 506.00 602.00 480.00 525.00 607.00 448.00 
447.00 504.00 604.00 544.00 512.00 601.00 506.00 601.00 465.00 527.00 601.00 448.00 
447.00 506.00 601.00 557.00 511.00 597.00 504.00 602.00 472.00 527.00 603.00 448.00 
448.00 509.00 602.00 544.00 512.00 599.00 506.00 601.00 470.00 527.00 603.00 447.00 
447.00 509.00 602.00 547.00 509.00 600.00 505.00 600.00 471.00 528.00 602.00 448.00 
0 599.00 548.00 508.00 599.00 503.00 601.00 474.00 525.00 600.00 443.00 
443.00 516.00 599.00 545.00 506.00 596.00 503.00 600.00 475.00 524.00 600.00 443.00 
443.00 516.00 599.00 551.00 508.00 598.00 502.00 601.00 474.00 524.00 600.00 445.00 
443.00 516.00 599.00 550.00 509.00 596.00 502.00 600.00 475.00 524.00 600.00 444.00 
443.00 516.00 598.00 549.00 509.00 598.00 502.00 600.00 474.00 524.00 600.00 444.00 
443.00 517.00 598.00 546.00 508.00 600.00 502.00 601.00 474.00 525.00 599.00 444.00 
443.00 517.00 600.00 548.00 509.00 598.00 503.00 601.00 474.00 525.00 599.00 444.00 
443.00 518.00 598.00 551.00 509.00 599.00 502.00 601.00 473.00 524.00 600.00 443.00 
444.00 517.00 599.00 550.00 508.00 597.00 503.00 601.00 474.00 524.00 600.00 443.00 
444.00 518.00 601.00 551.00 507.00 597.00 502.00 601.00 474.00 525.00 600.00 443.00 
443.00 518.00 599.00 549.00 508.00 598.00 502.00 602.00 475.00 524.00 599.00 443.00 
444.00 518.00 599.00 550.00 507.00 596.00 502.00 602.00 474.00 525.00 599.00 444.00 
443.00 517.00 600.00 551.00 506.00 596.00 502.00 601.00 474.00 525.00 599.00 444.00 
443.00 518.00 599.00 547.00 506.00 596.00 503.00 601.00 475.00 525.00 600.00 444.00 
444.00 517.00 599.00 551.00 508.00 597.00 503.00 602.00 475.00 524.00 599.00 443.00 
443.00 517.00 600.00 549.00 509.00 598.00 503.00 601.00 475.00 525.00 599.00 444.00 
443.00 516.00 600.00 550.00 508.00 597.00 503.00 601.00 475.00 525.00 600.00 444.00 
439.00 515.00 600.00 550.00 510.00 597.00 505.00 603.00 474.00 524.00 600.00 444.00 
433.00 521.00 589.00 572.00 423.00 582.00 503.00 606.00 482.00 521.00 597.00 445.00 
410.00 491.00 566.00 551.00 524.00 589.00 452.00 604.00 473.00 513.00 600.00 445.00 
461.00 553.00 576.00 513.00 579.00 581.00 518.00 589.00 490.00 514.00 602.00 446.00 
422.00 641.00 587.00 580.00 629.00 570.00 494.00 592.00 461.00 529.00 604.00 451.00 
468.00 596.00 563.00 549.00 590.00 552.00 498.00 595.00 471.00 507.00 603.00 482.00 
475.00 597.00 553.00 549.00 592.00 545.00 500.00 600.00 469.00 513.00 610.00 448.00 
466.00 610.00 557.00 552.00 595.00 552.00 503.00 600.00 471.00 526.00 602.00 448.00 
465.00 603.00 558.00 555.00 597.00 548.00 502.00 600.00 471.00 524.00 600.00 446.00 
467.00 604.00 560.00 555.00 597.00 548.00 503.00 596.00 469.00 525.00 602.00 447.00 
467.00 604.00 558.00 556.00 594.00 547.00 503.00 600.00 469.00 526.00 602.00 447.00 
466.00 601.00 558.00 557.00 594.00 548.00 504.00 600.00 469.00 525.00 601.00 446.00 
464.00 602.00 559.00 555.00 595.00 549.00 504.00 600.00 471.00 525.00 601.00 446.00 
466.00 604.00 560.00 556.00 595.00 548.00 503.00 599.00 468.00 526.00 601.00 446.00 
466.00 604.00 557.00 555.00 594.00 548.00 503.00 599.00 470.00 526.00 601.00 448.00 
466.00 605.00 556.00 555.00 595.00 548.00 502.00 600.00 470.00 525.00 600.00 447.00 
464.00 604.00 558.00 555.00 597.00 550.00 502.00 600.00 471.00 525.00 602.00 447.00 
467.00 604.00 557.00 556.00 594.00 550.00 501.00 599.00 470.00 526.00 601.00 446.00 
466.00 604.00 558.00 555.00 594.00 549.00 501.00 600.00 470.00 525.00 601.00 446.00 
466.00 605.00 556.00 555.00 595.00 548.00 501.00 599.00 471.00 526.00 601.00 446.00 
466.00 605.00 558.00 554.00 595.00 548.00 502.00 600.00 469.00 526.00 601.00 446.00 
467.00 604.00 558.00 554.00 595.00 548.00 501.00 599.00 471.00 527.00 602.00 446.00 
466.00 604.00 558.00 554.00 595.00 548.00 502.00 600.00 469.00 525.00 601.00 446.00 
465.00 605.00 556.00 555.00 595.00 550.00 501.00 601.00 471.00 526.00 601.00 446.00 
465.00 604.00 558.00 555.00 595.00 548.00 502.00 599.00 470.00 526.00 602.00 447.00 
465.00 603.00 558.00 552.00 596.00 550.00 505.00 598.00 469.00 524.00 603.00 446.00 
468.00 608.00 559.00 557.00 595.00 547.00 504.00 595.00 465.00 526.00 611.00 448.00 
467.00 592.00 559.00 555.00 596.00 544.00 503.00 598.00 465.00 506.00 598.00 452.00 
469.00 594.00 571.00 562.00 593.00 546.00 494.00 597.00 464.00 534.00 584.00 438.00 
446.00 634.00 567.00 565.00 625.00 557.00 485.00 688.00 451.00 560.00 590.00 426.00 
475.00 580.00 537.00 540.00 575.00 539.00 496.00 641.00 434.00 508.00 594.00 433.00 
456.00 630.00 544.00 572.00 608.00 542.00 499.00 599.00 456.00 528.00 590.00 437.00 
463.00 609.00 549.00 553.00 608.00 539.00 422.00 585.00 522.00 530.00 594.00 435.00 
460.00 613.00 542.00 550.00 589.00 553.00 431.00 612.00 438.00 519.00 594.00 435.00 
464.00 604.00 550.00 549.00 586.00 552.00 538.00 576.00 492.00 507.00 601.00 439.00 
447.00 607.00 574.00 593.00 597.00 561.00 446.00 681.00 451.00 514.00 577.00 373.00 
461.00 577.00 560.00 566.00 555.00 549.00 503.00 603.00 471.00 523.00 603.00 461.00 
452.00 593.00 568.00 576.00 574.00 563.00 532.00 600.00 465.00 569.00 585.00 482.00 
448.00 584.00 567.00 563.00 571.00 562.00 504.00 604.00 477.00 537.00 615.00 467.00 
455.00 588.00 561.00 569.00 578.00 563.00 502.00 601.00 470.00 544.00 608.00 472.00 
457.00 604.00 561.00 568.00 571.00 562.00 508.00 602.00 474.00 540.00 641.00 477.00 
462.00 590.00 564.00 568.00 580.00 556.00 510.00 598.00 467.00 519.00 607.00 448.00 
466.00 587.00 569.00 557.00 574.00 555.00 500.00 599.00 471.00 555.00 562.00 428.00 
466.00 601.00 549.00 549.00 605.00 552.00 562.00 508.00 491.00 515.00 595.00 429.00 
467.00 612.00 543.00 549.00 585.00 558.00 398.00 620.00 671.00 522.00 592.00 433.00 
472.00 594.00 556.00 540.00 604.00 545.00 498.00 621.00 485.00 530.00 588.00 430.00 
475.00 579.00 549.00 555.00 603.00 547.00 532.00 631.00 479.00 529.00 585.00 435.00 
466.00 606.00 549.00 559.00 582.00 559.00 434.00 643.00 460.00 516.00 593.00 437.00 
467.00 607.00 548.00 550.00 594.00 552.00 524.00 558.00 500.00 511.00 601.00 438.00 
455.00 628.00 577.00 562.00 604.00 561.00 498.00 669.00 447.00 528.00 608.00 384.00 
462.00 585.00 565.00 575.00 579.00 555.00 503.00 598.00 463.00 465.00 590.00 492.00 
460.00 608.00 560.00 588.00 600.00 555.00 507.00 592.00 473.00 525.00 570.00 479.00 
464.00 607.00 556.00 561.00 583.00 554.00 506.00 603.00 475.00 532.00 613.00 456.00 
465.00 612.00 551.00 561.00 587.00 553.00 502.00 603.00 472.00 534.00 610.00 458.00 
466.00 605.00 556.00 567.00 592.00 544.00 504.00 601.00 473.00 534.00 608.00 460.00 
459.00 593.00 553.00 548.00 597.00 540.00 503.00 601.00 467.00 540.00 610.00 463.00 
465.00 604.00 555.00 557.00 595.00 546.00 502.00 600.00 470.00 542.00 608.00 461.00 
462.00 602.00 558.00 562.00 594.00 546.00 502.00 600.00 468.00 539.00 608.00 460.00 
462.00 603.00 555.00 560.00 594.00 546.00 501.00 601.00 473.00 541.00 608.00 459.00 
463.00 604.00 554.00 561.00 594.00 546.00 502.00 600.00 470.00 540.00 607.00 460.00 
463.00 604.00 555.00 560.00 594.00 546.00 502.00 599.00 470.00 540.00 609.00 460.00 
462.00 602.00 556.00 561.00 594.00 546.00 501.00 599.00 472.00 540.00 607.00 460.00 
464.00 603.00 556.00 562.00 593.00 546.00 499.00 600.00 472.00 539.00 606.00 460.00 
463.00 604.00 557.00 559.00 592.00 547.00 500.00 600.00 473.00 540.00 607.00 460.00 
464.00 603.00 555.00 560.00 593.00 547.00 499.00 600.00 471.00 540.00 607.00 460.00 
463.00 603.00 557.00 560.00 594.00 546.00 500.00 601.00 473.00 541.00 608.00 461.00 
463.00 603.00 557.00 560.00 593.00 545.00 500.00 600.00 472.00 541.00 608.00 459.00 
463.00 604.00 555.00 560.00 594.00 547.00 499.00 601.00 472.00 541.00 608.00 459.00 
464.00 604.00 555.00 560.00 593.00 546.00 500.00 600.00 473.00 541.00 607.00 459.00 
463.00 603.00 557.00 559.00 593.00 548.00 500.00 601.00 473.00 540.00 608.00 460.00 
462.00 602.00 556.00 560.00 593.00 548.00 501.00 601.00 472.00 540.00 607.00 460.00 
464.00 603.00 556.00 568.00 588.00 560.00 499.00 602.00 473.00 541.00 607.00 459.00 
462.00 604.00 556.00 576.00 565.00 552.00 499.00 600.00 472.00 541.00 607.00 460.00 
462.00 603.00 558.00 603.00 524.00 575.00 500.00 601.00 474.00 541.00 608.00 461.00 
464.00 603.00 555.00 560.00 499.00 567.00 499.00 601.00 474.00 539.00 607.00 460.00 
462.00 602.00 563.00 572.00 515.00 595.00 498.00 602.00 473.00 538.00 607.00 461.00 
458.00 600.00 557.00 564.00 503.00 591.00 497.00 601.00 474.00 537.00 609.00 462.00 
467.00 605.00 557.00 562.00 509.00 588.00 496.00 600.00 474.00 537.00 608.00 461.00 
463.00 602.00 557.00 562.00 509.00 592.00 495.00 600.00 474.00 539.00 609.00 461.00 
463.00 603.00 556.00 562.00 507.00 592.00 496.00 600.00 473.00 538.00 608.00 461.00 
463.00 604.00 556.00 559.00 513.00 590.00 496.00 601.00 474.00 538.00 608.00 462.00 
464.00 603.00 557.00 563.00 509.00 591.00 495.00 599.00 474.00 539.00 608.00 461.00 
462.00 603.00 555.00 563.00 509.00 591.00 495.00 600.00 474.00 538.00 607.00 462.00 
461.00 603.00 556.00 561.00 508.00 592.00 495.00 600.00 473.00 537.00 609.00 462.00 
463.00 606.00 552.00 561.00 509.00 591.00 496.00 600.00 474.00 538.00 608.00 462.00 
464.00 606.00 550.00 561.00 509.00 592.00 494.00 600.00 474.00 539.00 608.00 462.00 
464.00 606.00 552.00 560.00 509.00 591.00 494.00 600.00 473.00 538.00 607.00 460.00 
463.00 607.00 551.00 561.00 509.00 592.00 494.00 600.00 474.00 539.00 609.00 462.00 
464.00 606.00 551.00 562.00 509.00 592.00 494.00 600.00 475.00 538.00 608.00 461.00 
465.00 605.00 551.00 561.00 509.00 592.00 493.00 601.00 474.00 539.00 608.00 461.00 
463.00 607.00 551.00 562.00 508.00 591.00 495.00 600.00 475.00 539.00 609.00 462.00 
463.00 605.00 551.00 562.00 509.00 591.00 494.00 600.00 474.00 539.00 609.00 462.00 
463.00 606.00 551.00 560.00 509.00 591.00 495.00 599.00 473.00 540.00 609.00 463.00 
464.00 605.00 552.00 562.00 508.00 591.00 494.00 600.00 475.00 539.00 608.00 461.00 
463.00 607.00 552.00 563.00 509.00 592.00 494.00 600.00 474.00 539.00 607.00 462.00 
462.00 605.00 553.00 567.00 508.00 593.00 495.00 600.00 473.00 539.00 608.00 463.00 
463.00 605.00 552.00 563.00 508.00 592.00 494.00 600.00 473.00 539.00 608.00 462.00 
461.00 606.00 552.00 562.00 509.00 591.00 494.00 600.00 475.00 539.00 608.00 461.00 
463.00 606.00 553.00 562.00 509.00 591.00 494.00 600.00 473.00 538.00 609.00 463.00 
