447.00 509.00 601.00 549.00 507.00 597.00 478.00 596.00 477.00 519.00 594.00 436.00 
447.00 511.00 603.00 550.00 507.00 597.00 479.00 596.00 477.00 520.00 594.00 438.00 
447.00 510.00 603.00 550.00 508.00 596.00 478.00 596.00 478.00 519.00 595.00 436.00 
447.00 509.00 602.00 550.00 507.00 597.00 479.00 596.00 477.00 520.00 594.00 437.00 
447.00 511.00 602.00 549.00 508.00 598.00 478.00 596.00 478.00 520.00 594.00 436.00 
447.00 512.00 601.00 554.00 506.00 595.00 479.00 597.00 477.00 519.00 595.00 438.00 
447.00 512.00 602.00 553.00 508.00 599.00 479.00 596.00 478.00 518.00 593.00 436.00 
448.00 512.00 601.00 550.00 508.00 597.00 479.00 596.00 477.00 518.00 594.00 437.00 
449.00 512.00 603.00 551.00 509.00 596.00 480.00 597.00 477.00 519.00 595.00 436.00 
448.00 511.00 603.00 551.00 508.00 597.00 479.00 596.00 477.00 518.00 595.00 437.00 
448.00 512.00 602.00 550.00 508.00 596.00 479.00 596.00 478.00 517.00 593.00 437.00 
448.00 512.00 602.00 550.00 509.00 597.00 479.00 597.00 477.00 519.00 593.00 437.00 
447.00 513.00 601.00 551.00 509.00 598.00 478.00 596.00 478.00 518.00 593.00 436.00 
447.00 512.00 601.00 550.00 507.00 598.00 480.00 598.00 477.00 518.00 594.00 437.00 
446.00 540.00 597.00 550.00 510.00 599.00 480.00 601.00 480.00 517.00 595.00 439.00 
447.00 503.00 600.00 546.00 528.00 595.00 465.00 596.00 477.00 510.00 599.00 451.00 
462.00 503.00 573.00 514.00 535.00 583.00 502.00 586.00 474.00 501.00 603.00 446.00 
455.00 569.00 610.00 556.00 555.00 582.00 505.00 619.00 463.00 510.00 576.00 420.00 
467.00 614.00 575.00 604.00 597.00 561.00 499.00 591.00 461.00 514.00 603.00 462.00 
477.00 608.00 560.00 563.00 592.00 543.00 501.00 601.00 465.00 530.00 589.00 438.00 
475.00 580.00 563.00 567.00 593.00 546.00 498.00 596.00 465.00 529.00 598.00 442.00 
477.00 604.00 565.00 556.00 595.00 545.00 501.00 597.00 468.00 526.00 596.00 440.00 
481.00 605.00 565.00 560.00 595.00 546.00 500.00 598.00 464.00 526.00 597.00 440.00 
479.00 606.00 563.00 559.00 593.00 546.00 501.00 596.00 466.00 527.00 596.00 439.00 
479.00 606.00 562.00 559.00 594.00 545.00 500.00 597.00 467.00 525.00 596.00 440.00 
476.00 604.00 564.00 560.00 594.00 547.00 500.00 596.00 466.00 525.00 596.00 439.00 
478.00 605.00 562.00 558.00 594.00 547.00 498.00 598.00 469.00 525.00 597.00 439.00 
478.00 606.00 563.00 559.00 594.00 547.00 499.00 597.00 466.00 525.00 595.00 439.00 
478.00 607.00 561.00 560.00 593.00 546.00 498.00 597.00 468.00 528.00 596.00 440.00 
478.00 606.00 561.00 558.00 595.00 546.00 498.00 597.00 466.00 527.00 595.00 440.00 
478.00 605.00 562.00 560.00 593.00 547.00 497.00 599.00 468.00 527.00 596.00 439.00 
479.00 607.00 562.00 559.00 593.00 546.00 497.00 598.00 467.00 528.00 595.00 440.00 
479.00 607.00 561.00 559.00 593.00 547.00 497.00 597.00 465.00 528.00 596.00 439.00 
479.00 608.00 562.00 558.00 595.00 548.00 498.00 599.00 467.00 528.00 595.00 440.00 
479.00 605.00 563.00 559.00 594.00 547.00 497.00 598.00 466.00 528.00 597.00 440.00 
480.00 606.00 561.00 559.00 595.00 546.00 497.00 598.00 468.00 527.00 595.00 439.00 
481.00 607.00 562.00 557.00 595.00 545.00 497.00 597.00 467.00 528.00 597.00 440.00 
480.00 606.00 563.00 559.00 594.00 545.00 498.00 599.00 466.00 527.00 596.00 440.00 
480.00 608.00 561.00 557.00 594.00 546.00 498.00 597.00 466.00 526.00 597.00 440.00 
481.00 597.00 560.00 561.00 586.00 544.00 499.00 601.00 471.00 529.00 596.00 447.00 
469.00 627.00 581.00 567.00 621.00 563.00 447.00 619.00 465.00 560.00 589.00 439.00 
455.00 480.00 507.00 554.00 479.00 515.00 441.00 560.00 337.00 477.00 463.00 350.00 
485.00 537.00 527.00 538.00 518.00 517.00 302.00 733.00 487.00 698.00 644.00 435.00 
441.00 566.00 501.00 533.00 508.00 509.00 548.00 617.00 416.00 536.00 619.00 436.00 
503.00 593.00 512.00 496.00 526.00 501.00 383.00 450.00 146.00 598.00 371.00 343.00 
373.00 667.00 576.00 747.00 613.00 582.00 601.00 633.00 519.00 548.00 691.00 427.00 
496.00 542.00 562.00 537.00 493.00 505.00 481.00 554.00 534.00 559.00 501.00 509.00 
372.00 771.00 585.00 714.00 651.00 641.00 448.00 652.00 361.00 546.00 647.00 416.00 
492.00 513.00 560.00 554.00 529.00 514.00 466.00 473.00 467.00 549.00 490.00 476.00 
345.00 717.00 574.00 606.00 720.00 642.00 417.00 660.00 507.00 669.00 523.00 373.00 
570.00 524.00 498.00 563.00 542.00 515.00 540.00 478.00 497.00 515.00 473.00 465.00 
438.00 544.00 649.00 612.00 767.00 636.00 473.00 666.00 568.00 659.00 576.00 501.00 
525.00 559.00 516.00 473.00 524.00 519.00 385.00 478.00 527.00 545.00 447.00 473.00 
433.00 682.00 628.00 577.00 709.00 645.00 521.00 801.00 616.00 293.00 838.00 471.00 
507.00 472.00 507.00 551.00 452.00 528.00 411.00 434.00 437.00 624.00 437.00 451.00 
516.00 561.00 546.00 522.00 559.00 576.00 264.00 715.00 399.00 735.00 672.00 397.00 
442.00 542.00 524.00 584.00 527.00 498.00 524.00 662.00 389.00 542.00 578.00 392.00 
496.00 532.00 525.00 528.00 505.00 527.00 483.00 471.00 538.00 557.00 516.00 478.00 
339.00 667.00 579.00 566.00 634.00 552.00 368.00 615.00 516.00 628.00 660.00 469.00 
518.00 520.00 517.00 518.00 526.00 515.00 502.00 486.00 490.00 512.00 498.00 500.00 
379.00 622.00 604.00 686.00 598.00 662.00 488.00 625.00 430.00 613.00 582.00 508.00 
474.00 563.00 542.00 535.00 504.00 545.00 495.00 526.00 433.00 565.00 589.00 467.00 
456.00 584.00 554.00 569.00 554.00 579.00 509.00 595.00 489.00 525.00 615.00 445.00 
457.00 594.00 571.00 554.00 592.00 549.00 515.00 604.00 456.00 532.00 605.00 451.00 
447.00 601.00 555.00 576.00 601.00 585.00 505.00 601.00 466.00 539.00 607.00 456.00 
454.00 624.00 551.00 565.00 604.00 544.00 505.00 595.00 469.00 534.00 602.00 451.00 
458.00 604.00 557.00 561.00 586.00 546.00 503.00 608.00 472.00 536.00 603.00 457.00 
460.00 601.00 559.00 564.00 594.00 543.00 508.00 597.00 467.00 539.00 605.00 453.00 
459.00 599.00 557.00 566.00 589.00 545.00 505.00 598.00 467.00 536.00 603.00 451.00 
458.00 599.00 561.00 563.00 594.00 545.00 506.00 600.00 470.00 536.00 607.00 453.00 
460.00 601.00 557.00 565.00 594.00 546.00 508.00 599.00 468.00 537.00 603.00 453.00 
457.00 599.00 558.00 561.00 591.00 545.00 506.00 599.00 469.00 535.00 602.00 450.00 
459.00 600.00 558.00 563.00 592.00 546.00 508.00 601.00 465.00 537.00 605.00 454.00 
459.00 600.00 558.00 563.00 592.00 545.00 506.00 598.00 467.00 538.00 603.00 451.00 
459.00 600.00 557.00 563.00 592.00 546.00 507.00 600.00 467.00 536.00 602.00 451.00 
458.00 598.00 558.00 563.00 593.00 546.00 505.00 599.00 467.00 538.00 604.00 453.00 
460.00 600.00 558.00 563.00 592.00 546.00 507.00 599.00 468.00 538.00 602.00 450.00 
458.00 599.00 558.00 562.00 592.00 545.00 506.00 599.00 467.00 538.00 602.00 450.00 
460.00 604.00 556.00 561.00 592.00 545.00 505.00 600.00 470.00 537.00 604.00 452.00 
458.00 600.00 558.00 563.00 592.00 545.00 505.00 599.00 467.00 536.00 602.00 452.00 
457.00 600.00 558.00 563.00 592.00 547.00 505.00 599.00 470.00 537.00 602.00 450.00 
457.00 599.00 558.00 565.00 590.00 547.00 506.00 599.00 467.00 537.00 604.00 452.00 
458.00 600.00 558.00 575.00 595.00 567.00 505.00 598.00 468.00 537.00 603.00 451.00 
456.00 601.00 557.00 552.00 527.00 582.00 505.00 600.00 468.00 537.00 603.00 451.00 
460.00 601.00 559.00 557.00 516.00 573.00 505.00 599.00 469.00 537.00 603.00 452.00 
455.00 598.00 557.00 559.00 512.00 597.00 504.00 598.00 469.00 537.00 603.00 451.00 
459.00 601.00 559.00 561.00 514.00 588.00 504.00 599.00 467.00 537.00 603.00 451.00 
462.00 602.00 557.00 566.00 515.00 588.00 503.00 599.00 469.00 538.00 602.00 452.00 
455.00 598.00 560.00 559.00 514.00 591.00 504.00 600.00 468.00 538.00 603.00 450.00 
462.00 601.00 558.00 567.00 514.00 590.00 503.00 600.00 470.00 538.00 602.00 451.00 
459.00 600.00 559.00 566.00 516.00 593.00 503.00 599.00 468.00 538.00 603.00 451.00 
460.00 601.00 557.00 563.00 515.00 590.00 503.00 599.00 469.00 538.00 602.00 450.00 
460.00 600.00 558.00 562.00 514.00 592.00 504.00 600.00 467.00 537.00 603.00 452.00 
461.00 603.00 559.00 565.00 514.00 591.00 503.00 600.00 469.00 538.00 602.00 451.00 
460.00 600.00 559.00 564.00 514.00 592.00 504.00 599.00 469.00 538.00 602.00 451.00 
460.00 602.00 557.00 556.00 513.00 592.00 503.00 599.00 468.00 538.00 603.00 451.00 
460.00 601.00 559.00 565.00 515.00 591.00 504.00 599.00 468.00 537.00 602.00 451.00 
459.00 600.00 559.00 560.00 515.00 591.00 504.00 598.00 469.00 538.00 602.00 451.00 
460.00 600.00 558.00 560.00 514.00 592.00 504.00 599.00 468.00 539.00 603.00 452.00 
459.00 601.00 558.00 562.00 514.00 591.00 503.00 599.00 470.00 538.00 602.00 451.00 
461.00 600.00 559.00 562.00 514.00 591.00 502.00 599.00 469.00 538.00 602.00 451.00 
46