432.00 494.00 588.00 562.00 523.00 590.00 504.00 602.00 475.00 521.00 593.00 435.00 
432.00 495.00 589.00 563.00 522.00 590.00 504.00 602.00 476.00 522.00 593.00 435.00 
432.00 494.00 589.00 562.00 522.00 590.00 504.00 602.00 477.00 522.00 593.00 435.00 
432.00 493.00 589.00 558.00 521.00 598.00 503.00 602.00 475.00 522.00 592.00 436.00 
432.00 494.00 588.00 565.00 519.00 592.00 504.00 602.00 476.00 521.00 592.00 435.00 
432.00 493.00 589.00 558.00 522.00 590.00 504.00 602.00 475.00 521.00 592.00 435.00 
433.00 494.00 589.00 563.00 522.00 590.00 503.00 603.00 476.00 521.00 592.00 435.00 
432.00 493.00 589.00 562.00 522.00 591.00 504.00 602.00 477.00 520.00 592.00 436.00 
433.00 493.00 588.00 561.00 522.00 590.00 502.00 603.00 476.00 520.00 592.00 435.00 
432.00 492.00 588.00 562.00 522.00 589.00 508.00 607.00 479.00 518.00 595.00 435.00 
445.00 519.00 588.00 558.00 542.00 597.00 478.00 605.00 479.00 518.00 597.00 442.00 
450.00 529.00 583.00 509.00 535.00 574.00 534.00 586.00 477.00 513.00 600.00 443.00 
430.00 581.00 604.00 642.00 583.00 573.00 498.00 606.00 456.00 514.00 600.00 435.00 
462.00 605.00 566.00 573.00 636.00 546.00 508.00 597.00 462.00 528.00 601.00 456.00 
450.00 571.00 551.00 581.00 552.00 551.00 510.00 598.00 458.00 510.00 590.00 434.00 
448.00 593.00 554.00 577.00 593.00 550.00 514.00 597.00 465.00 526.00 600.00 441.00 
450.00 595.00 555.00 566.00 590.00 552.00 514.00 593.00 460.00 520.00 597.00 440.00 
453.00 596.00 560.00 564.00 587.00 552.00 512.00 596.00 460.00 522.00 599.00 441.00 
451.00 597.00 556.00 564.00 588.00 548.00 514.00 596.00 461.00 521.00 598.00 442.00 
456.00 599.00 555.00 565.00 589.00 551.00 513.00 597.00 462.00 521.00 598.00 442.00 
453.00 599.00 554.00 564.00 589.00 549.00 513.00 596.00 461.00 519.00 599.00 441.00 
451.00 597.00 555.00 563.00 590.00 549.00 513.00 596.00 461.00 522.00 597.00 440.00 
452.00 597.00 556.00 562.00 588.00 549.00 512.00 596.00 462.00 521.00 597.00 441.00 
452.00 598.00 555.00 562.00 588.00 548.00 511.00 596.00 461.00 521.00 597.00 439.00 
454.00 596.00 556.00 564.00 590.00 549.00 512.00 596.00 462.00 522.00 597.00 441.00 
453.00 598.00 556.00 564.00 589.00 550.00 512.00 597.00 461.00 521.00 597.00 439.00 
451.00 596.00 555.00 564.00 589.00 550.00 512.00 597.00 462.00 522.00 598.00 441.00 
452.00 598.00 556.00 564.00 590.00 550.00 510.00 597.00 462.00 523.00 597.00 440.00 
453.00 598.00 555.00 563.00 591.00 549.00 510.00 596.00 461.00 524.00 595.00 438.00 
453.00 597.00 556.00 562.00 589.00 549.00 510.00 596.00 461.00 524.00 595.00 440.00 
450.00 594.00 557.00 564.00 589.00 550.00 508.00 597.00 462.00 526.00 596.00 438.00 
452.00 598.00 557.00 564.00 588.00 551.00 506.00 595.00 462.00 532.00 595.00 441.00 
458.00 599.00 551.00 564.00 593.00 548.00 506.00 597.00 463.00 527.00 597.00 440.00 
452.00 600.00 550.00 564.00 593.00 540.00 510.00 597.00 464.00 523.00 599.00 442.00 
475.00 607.00 549.00 558.00 593.00 547.00 504.00 597.00 465.00 527.00 600.00 443.00 
455.00 603.00 555.00 562.00 595.00 544.00 515.00 597.00 463.00 523.00 601.00 443.00 
459.00 575.00 544.00 552.00 563.00 558.00 498.00 596.00 460.00 522.00 579.00 438.00 
349.00 573.00 529.00 691.00 518.00 559.00 429.00 716.00 512.00 641.00 698.00 379.00 
502.00 607.00 504.00 503.00 538.00 502.00 553.00 494.00 417.00 516.00 445.00 441.00 
363.00 588.00 527.00 606.00 567.00 518.00 616.00 536.00 333.00 471.00 550.00 420.00 
438.00 545.00 717.00 612.00 522.00 596.00 463.00 694.00 469.00 547.00 680.00 421.00 
352.00 558.00 508.00 630.00 569.00 487.00 383.00 531.00 467.00 619.00 489.00 465.00 
424.00 487.00 588.00 528.00 460.00 538.00 574.00 760.00 555.00 571.00 732.00 350.00 
456.00 578.00 442.00 607.00 601.00 387.00 460.00 472.00 427.00 479.00 489.00 355.00 
425.00 449.00 640.00 669.00 447.00 574.00 508.00 847.00 499.00 650.00 645.00 313.00 
411.00 519.00 549.00 557.00 507.00 507.00 345.00 535.00 512.00 601.00 536.00 495.00 
422.00 487.00 585.00 611.00 462.00 506.00 499.00 742.00 539.00 515.00 721.00 607.00 
356.00 566.00 543.00 609.00 571.00 496.00 501.00 515.00 459.00 508.00 490.00 473.00 
368.00 632.00 736.00 736.00 606.00 656.00 445.00 614.00 424.00 597.00 620.00 415.00 
427.00 534.00 493.00 601.00 543.00 474.00 457.00 496.00 547.00 549.00 568.00 533.00 
515.00 503.00 621.00 455.00 527.00 660.00 485.00 778.00 587.00 715.00 639.00 399.00 
333.00 480.00 423.00 656.00 564.00 469.00 492.00 582.00 524.00 515.00 526.00 500.00 
324.00 548.00 732.00 849.00 631.00 672.00 449.00 528.00 434.00 507.00 538.00 527.00 
407.00 543.00 508.00 498.00 523.00 506.00 475.00 562.00 542.00 531.00 480.00 478.00 
408.00 519.00 577.00 593.00 485.00 483.00 379.00 768.00 529.00 634.00 648.00 408.00 
400.00 586.00 533.00 617.00 553.00 545.00 609.00 518.00 530.00 552.00 528.00 499.00 
134.00 658.00 570.00 898.00 651.00 511.00 506.00 777.00 489.00 489.00 698.00 428.00 
509.00 467.00 488.00 566.00 534.00 439.00 508.00 538.00 467.00 531.00 390.00 345.00 
675.00 381.00 628.00 331.00 408.00 623.00 364.00 668.00 488.00 573.00 553.00 551.00 
382.00 435.00 509.00 738.00 511.00 499.00 516.00 504.00 503.00 499.00 525.00 539.00 
228.00 579.00 585.00 693.00 524.00 537.00 453.00 606.00 509.00 572.00 570.00 287.00 
424.00 669.00 551.00 532.00 635.00 542.00 536.00 595.00 453.00 506.00 563.00 473.00 
449.00 585.00 537.00 555.00 584.00 551.00 489.00 628.00 470.00 528.00 612.00 449.00 
444.00 562.00 552.00 555.00 602.00 553.00 456.00 619.00 469.00 537.00 598.00 452.00 
447.00 596.00 559.00 579.00 590.00 550.00 510.00 606.00 462.00 528.00 594.00 448.00 
451.00 604.00 554.00 582.00 590.00 552.00 506.00 600.00 457.00 528.00 598.00 444.00 
440.00 596.00 556.00 580.00 581.00 549.00 502.00 598.00 463.00 528.00 600.00 444.00 
444.00 590.00 557.00 571.00 581.00 551.00 507.00 598.00 464.00 529.00 599.00 446.00 
444.00 590.00 560.00 572.00 583.00 549.00 506.00 592.00 464.00 530.00 600.00 443.00 
437.00 589.00 556.00 570.00 585.00 550.00 505.00 598.00 466.00 528.00 599.00 443.00 
443.00 589.00 558.00 569.00 581.00 551.00 508.00 597.00 462.00 530.00 599.00 444.00 
445.00 589.00 558.00 572.00 581.00 552.00 504.00 599.00 464.00 529.00 599.00 442.00 
445.00 591.00 558.00 567.00 583.00 552.00 504.00 597.00 462.00 529.00 599.00 443.00 
446.00 591.00 556.00 569.00 584.00 552.00 505.00 597.00 465.00 529.00 599.00 443.00 
444.00 590.00 556.00 569.00 584.00 551.00 505.00 596.00 462.00 530.00 599.00 443.00 
444.00 591.00 557.00 568.00 584.00 552.00 505.00 596.00 464.00 530.00 599.00 443.00 
443.00 592.00 555.00 568.00 585.00 551.00 505.00 597.00 464.00 530.00 598.00 444.00 
446.00 588.00 554.00 568.00 587.00 554.00 505.00 596.00 464.00 531.00 599.00 443.00 
442.00 591.00 554.00 565.00 585.00 556.00 504.00 597.00 463.00 529.00 599.00 443.00 
442.00 590.00 558.00 564.00 586.00 554.00 505.00 596.00 462.00 529.00 599.00 443.00 
442.00 590.00 555.00 567.00 585.00 551.00 503.00 598.00 465.00 528.00 598.00 442.00 
445.00 593.00 556.00 600.00 576.00 599.00 504.00 596.00 463.00 532.00 598.00 444.00 
443.00 591.00 556.00 553.00 503.00 554.00 505.00 598.00 464.00 528.00 597.00 442.00 
445.00 589.00 557.00 577.00 532.00 596.00 505.00 598.00 462.00 528.00 599.00 444.00 
439.00 588.00 559.00 563.00 516.00 596.00 502.00 596.00 465.00 528.00 599.00 444.00 
446.00 592.00 556.00 561.00 514.00 592.00 503.00 597.00 465.00 527.00 599.00 443.00 
445.00 591.00 558.00 564.00 515.00 592.00 504.00 598.00 464.00 529.00 597.00 442.00 
443.00 591.00 558.00 558.00 513.00 595.00 503.00 597.00 465.00 528.00 599.00 443.00 
445.00 592.00 557.00 563.00 512.00 592.00 502.00 597.00 463.00 528.00 598.00 443.00 
444.00 591.00 557.00 559.00 514.00 592.00 503.00 597.00 465.00 527.00 598.00 443.00 
444.00 592.00 558.00 563.00 511.00 593.00 504.00 597.00 463.00 530.00 599.00 443.00 
446.00 592.00 557.00 561.00 512.00 592.00 502.00 596.00 464.00 530.00 599.00 443.00 
445.00 592.00 558.00 561.00 513.00 593.00 503.00 597.00 463.00 529.00 598.00 442.00 
446.00 591.00 558.00 562.00 513.00 592.00 502.00 596.00 464.00 528.00 599.00 443.00 
