0 485.00 501.00 605.00 483.00 
427.00 593.00 518.00 431.00 581.00 565.00 535.00 616.00 481.00 501.00 602.00 483.00 
428.00 590.00 519.00 432.00 580.00 567.00 536.00 614.00 485.00 499.00 602.00 482.00 
431.00 591.00 518.00 434.00 579.00 564.00 538.00 616.00 486.00 499.00 604.00 483.00 
430.00 589.00 518.00 435.00 582.00 568.00 540.00 618.00 487.00 499.00 602.00 483.00 
428.00 590.00 518.00 432.00 582.00 567.00 541.00 616.00 486.00 499.00 603.00 482.00 
431.00 591.00 518.00 432.00 582.00 568.00 541.00 616.00 487.00 498.00 603.00 483.00 
429.00 590.00 516.00 434.00 582.00 568.00 539.00 618.00 488.00 499.00 603.00 482.00 
431.00 590.00 519.00 434.00 580.00 570.00 538.00 616.00 482.00 498.00 601.00 482.00 
429.00 588.00 518.00 432.00 580.00 565.00 540.00 615.00 485.00 500.00 602.00 483.00 
430.00 590.00 518.00 432.00 581.00 568.00 540.00 616.00 487.00 499.00 602.00 481.00 
429.00 588.00 518.00 432.00 583.00 568.00 539.00 616.00 487.00 497.00 601.00 482.00 
430.00 589.00 519.00 435.00 583.00 566.00 540.00 616.00 485.00 498.00 603.00 482.00 
429.00 590.00 520.00 433.00 581.00 569.00 540.00 616.00 486.00 499.00 602.00 483.00 
429.00 589.00 519.00 431.00 583.00 568.00 539.00 615.00 488.00 498.00 604.00 483.00 
429.00 590.00 516.00 432.00 581.00 568.00 539.00 616.00 488.00 499.00 603.00 481.00 
430.00 590.00 518.00 434.00 582.00 568.00 540.00 617.00 486.00 498.00 603.00 481.00 
430.00 591.00 517.00 433.00 582.00 569.00 540.00 616.00 487.00 498.00 604.00 482.00 
429.00 587.00 517.00 431.00 583.00 567.00 540.00 615.00 487.00 497.00 603.00 482.00 
429.00 589.00 519.00 432.00 580.00 569.00 539.00 616.00 487.00 498.00 603.00 482.00 
430.00 590.00 517.00 434.00 582.00 569.00 540.00 616.00 485.00 499.00 601.00 482.00 
430.00 589.00 518.00 433.00 582.00 568.00 538.00 616.00 486.00 499.00 603.00 481.00 
429.00 589.00 516.00 431.00 581.00 567.00 540.00 615.00 487.00 499.00 604.00 481.00 
432.00 590.00 519.00 433.00 577.00 571.00 538.00 616.00 486.00 498.00 600.00 483.00 
428.00 587.00 519.00 433.00 577.00 574.00 540.00 614.00 486.00 498.00 604.00 481.00 
429.00 590.00 516.00 432.00 577.00 574.00 542.00 616.00 485.00 498.00 603.00 483.00 
427.00 586.00 519.00 431.00 578.00 575.00 537.00 617.00 487.00 497.00 603.00 484.00 
429.00 587.00 520.00 431.00 578.00 575.00 539.00 616.00 488.00 499.00 602.00 482.00 
431.00 589.00 518.00 434.00 577.00 573.00 541.00 616.00 487.00 498.00 602.00 482.00 
426.00 587.00 518.00 432.00 577.00 576.00 541.00 615.00 487.00 498.00 601.00 483.00 
427.00 588.00 517.00 430.00 576.00 575.00 539.00 617.00 483.00 498.00 603.00 484.00 
425.00 586.00 516.00 429.00 578.00 574.00 538.00 615.00 485.00 500.00 604.00 482.00 
427.00 588.00 519.00 431.00 576.00 573.00 536.00 616.00 485.00 498.00 605.00 482.00 
428.00 587.00 519.00 432.00 580.00 572.00 538.00 614.00 485.00 501.00 603.00 482.00 
427.00 588.00 519.00 430.00 576.00 572.00 537.00 617.00 484.00 500.00 603.00 483.00 
429.00 589.00 519.00 429.00 578.00 574.00 540.00 616.00 483.00 501.00 605.00 484.00 
428.00 588.00 518.00 431.00 576.00 575.00 539.00 616.00 485.00 499.00 603.00 483.00 
430.00 589.00 520.00 433.00 574.00 574.00 540.00 615.00 484.00 500.00 604.00 482.00 
429.00 589.00 518.00 431.00 575.00 574.00 541.00 616.00 485.00 500.00 601.00 483.00 
430.00 588.00 518.00 431.00 574.00 575.00 539.00 614.00 485.00 499.00 603.00 483.00 
429.00 587.00 519.00 431.00 574.00 576.00 540.00 614.00 484.00 497.00 603.00 483.00 
391.00 576.00 527.00 410.00 574.00 597.00 540.00 615.00 486.00 499.00 602.00 485.00 
405.00 523.00 537.00 414.00 495.00 573.00 541.00 614.00 486.00 498.00 604.00 485.00 
436.00 496.00 591.00 434.00 467.00 584.00 540.00 614.00 480.00 499.00 602.00 483.00 
425.00 451.00 686.00 436.00 414.00 617.00 540.00 617.00 490.00 497.00 601.00 484.00 
453.00 466.00 543.00 435.00 460.00 543.00 540.00 614.00 486.00 498.00 601.00 484.00 
427.00 480.00 535.00 426.00 459.00 527.00 544.00 624.00 487.00 497.00 602.00 483.00 
402.00 455.00 616.00 416.00 459.00 611.00 543.00 617.00 487.00 500.00 595.00 483.00 
443.00 490.00 630.00 434.00 463.00 631.00 540.00 615.00 488.00 496.00 597.00 484.00 
500.00 462.00 608.00 471.00 456.00 581.00 539.00 616.00 487.00 501.00 597.00 484.00 
488.00 434.00 561.00 468.00 467.00 558.00 540.00 614.00 483.00 498.00 603.00 485.00 
416.00 465.00 578.00 427.00 444.00 579.00 546.00 609.00 484.00 497.00 603.00 483.00 
446.00 471.00 651.00 441.00 449.00 652.00 542.00 618.00 485.00 503.00 593.00 484.00 
471.00 488.00 623.00 457.00 465.00 608.00 539.00 618.00 484.00 497.00 605.00 479.00 
513.00 458.00 582.00 483.00 464.00 560.00 539.00 612.00 481.00 498.00 603.00 482.00 
468.00 467.00 579.00 460.00 451.00 564.00 540.00 616.00 486.00 498.00 602.00 483.00 
411.00 495.00 618.00 433.00 486.00 614.00 540.00 619.00 486.00 499.00 604.00 484.00 
462.00 491.00 650.00 451.00 474.00 645.00 544.00 623.00 488.00 498.00 602.00 485.00 
503.00 482.00 616.00 478.00 469.00 595.00 538.00 617.00 487.00 498.00 603.00 482.00 
484.00 448.00 557.00 464.00 452.00 543.00 533.00 622.00 485.00 499.00 602.00 483.00 
437.00 477.00 561.00 442.00 454.00 581.00 541.00 615.00 485.00 500.00 604.00 481.00 
412.00 481.00 621.00 423.00 454.00 638.00 540.00 611.00 488.00 499.00 604.00 482.00 
456.00 489.00 640.00 451.00 451.00 639.00 537.00 614.00 490.00 499.00 603.00 482.00 
514.00 486.00 590.00 479.00 471.00 560.00 540.00 622.00 493.00 501.00 602.00 481.00 
477.00 468.00 556.00 460.00 454.00 545.00 537.00 615.00 489.00 499.00 602.00 482.00 
431.00 476.00 582.00 440.00 456.00 595.00 539.00 616.00 488.00 498.00 603.00 483.00 
449.00 506.00 642.00 451.00 492.00 627.00 543.00 615.00 497.00 497.00 604.00 482.00 
459.00 506.00 597.00 449.00 486.00 591.00 541.00 612.00 491.00 497.00 601.00 483.00 
438.00 522.00 572.00 437.00 506.00 561.00 539.00 617.00 490.00 498.00 603.00 483.00 
417.00 578.00 539.00 430.00 580.00 580.00 540.00 615.00 487.00 495.00 601.00 482.00 
422.00 585.00 528.00 428.00 587.00 567.00 539.00 615.00 487.00 498.00 604.00 484.00 
425.00 591.00 525.00 429.00 590.00 562.00 544.00 614.00 488.00 497.00 583.00 481.00 
423.00 590.00 526.00 428.00 592.00 562.00 541.00 616.00 487.00 496.00 605.00 481.00 
426.00 586.00 527.00 431.00 590.00 562.00 541.00 616.00 486.00 498.00 603.00 480.00 
427.00 586.00 530.00 432.00 588.00 562.00 541.00 613.00 487.00 499.00 601.00 484.00 
425.00 585.00 529.00 430.00 588.00 564.00 542.00 615.00 487.00 499.00 602.00 485.00 
426.00 584.00 528.00 429.00 589.00 564.00 540.00 616.00 487.00 498.00 603.00 482.00 
426.00 584.00 528.00 430.00 589.00 571.00 546.00 617.00 486.00 497.00 603.00 482.00 
427.00 586.00 529.00 431.00 588.00 563.00 541.00 616.00 487.00 498.00 601.00 481.00 
426.00 585.00 527.00 431.00 589.00 562.00 540.00 615.00 488.00 498.00 603.00 484.00 
426.00 585.00 530.00 427.00 589.00 564.00 541.00 617.00 486.00 497.00 603.00 483.00 
425.00 585.00 527.00 430.00 589.00 563.00 541.00 616.00 487.00 498.00 601.00 481.00 
424.00 584.00 529.00 432.00 587.00 565.00 541.00 616.00 486.00 498.00 604.00 482.00 
426.00 586.00 529.00 431.00 587.00 564.00 540.00 614.00 485.00 498.00 603.00 482.00 
426.00 586.00 530.00 428.00 588.00 564.00 540.00 616.00 486.00 497.00 603.00 484.00 
425.00 584.00 529.00 429.00 589.00 563.00 541.00 615.00 488.00 497.00 603.00 481.00 
427.00 585.00 528.00 431.00 588.00 563.00 541.00 615.00 487.00 499.00 603.00 481.00 
425.00 585.00 529.00 430.00 588.00 565.00 541.00 615.00 486.00 499.00 603.00 483.00 
425.00 584.00 529.00 428.00 588.00 562.00 539.00 616.00 487.00 498.00 603.00 482.00 
426.00 585.00 530.00 429.00 587.00 563.00 540.00 616.00 487.00 499.00 603.00 483.00 
425.00 583.00 529.00 430.00 586.00 564.00 540.00 614.00 487.00 498.00 603.00 483.00 
425.00 585.00 527.00 430.00 589.00 563.00 540.00 616.00 486.00 499.00 603.00 483.00 
426.00 585.00 529.00 429.00 589.00 563.00 540.00 616.00 486.00 497.00 603.00 484.00 
426.00 585.00 530.00 428.00 589.00 563.00 540.00 616.00 486.00 498.00 603.00 484.00 
426.00 584.00 528.00 430.00 589.00 563.00 540.00 616.00 487.00 497.00 602.00 482.00 
425.00 584.00 529.00 431.00 590.00 562.00 541.00 616.00 487.00 498.00 603.00 482.00 
426.00 586.00 528.00 429.00 589.00 563.00 540.00 616.00 488.00 497.00 602.00 483.00 
426.00 585.00 528.00 428.00 590.00 562.00 541.00 616.00 488.00 496.00 602.00 484.00 
