-0.79	0.51	0.41	0.49	0.34	0.71	0.58	0.91	-0.47	-0.38	0.73	0.39	
-0.76	0.52	0.39	0.49	0.34	0.72	0.62	0.91	-0.46	-0.38	0.74	0.39	
-0.78	0.51	0.40	0.51	0.32	0.70	0.62	0.91	-0.45	-0.37	0.72	0.38	
-0.79	0.51	0.40	0.53	0.33	0.70	0.55	0.91	-0.47	-0.38	0.73	0.39	
-0.79	0.51	0.40	0.53	0.33	0.71	0.54	0.91	-0.46	-0.39	0.72	0.39	
-0.77	0.50	0.39	0.53	0.33	0.71	0.58	0.92	-0.44	-0.38	0.73	0.38	
-0.77	0.50	0.41	0.55	0.32	0.70	0.62	0.91	-0.45	-0.37	0.72	0.40	
-0.78	0.51	0.41	0.53	0.33	0.71	0.59	0.91	-0.46	-0.38	0.73	0.39	
-0.76	0.51	0.39	0.52	0.33	0.68	0.53	0.90	-0.46	-0.39	0.72	0.38	
-0.77	0.51	0.39	0.48	0.36	0.69	0.54	0.90	-0.44	-0.38	0.73	0.38	
-0.76	0.50	0.40	0.51	0.34	0.69	0.61	0.92	-0.44	-0.38	0.73	0.39	
-0.76	0.52	0.40	0.52	0.33	0.70	0.62	0.91	-0.46	-0.38	0.72	0.38	
-0.78	0.52	0.38	0.53	0.34	0.71	0.57	0.92	-0.44	-0.37	0.73	0.38	
-0.78	0.50	0.39	0.51	0.33	0.68	0.52	0.91	-0.46	-0.38	0.74	0.40	
-0.76	0.50	0.40	0.53	0.32	0.71	0.57	0.91	-0.46	-0.37	0.73	0.38	
-0.76	0.50	0.38	0.51	0.33	0.70	0.62	0.90	-0.45	-0.37	0.73	0.39	
-0.75	0.52	0.40	0.53	0.32	0.70	0.62	0.91	-0.45	-0.39	0.72	0.38	
-0.76	0.51	0.41	0.54	0.31	0.69	0.55	0.91	-0.45	-0.38	0.71	0.39	
-0.78	0.52	0.39	0.56	0.31	0.69	0.53	0.91	-0.46	-0.40	0.73	0.38	
-0.75	0.51	0.41	0.54	0.33	0.71	0.60	0.92	-0.45	-0.38	0.74	0.38	
-0.77	0.52	0.40	0.52	0.31	0.69	0.63	0.91	-0.45	-0.39	0.73	0.38	
-0.78	0.51	0.40	0.54	0.33	0.70	0.59	0.89	-0.45	-0.38	0.73	0.38	
-0.76	0.51	0.41	0.53	0.33	0.71	0.54	0.90	-0.45	-0.38	0.73	0.38	
-0.77	0.50	0.40	0.51	0.34	0.70	0.56	0.91	-0.45	-0.37	0.72	0.39	
-0.76	0.52	0.40	0.53	0.34	0.70	0.62	0.91	-0.44	-0.37	0.72	0.39	
-0.76	0.49	0.41	0.54	0.33	0.70	0.63	0.92	-0.46	-0.37	0.73	0.38	
-0.77	0.50	0.39	0.46	0.35	0.72	0.59	0.91	-0.47	-0.38	0.73	0.38	
-0.76	0.51	0.39	0.47	0.34	0.74	0.56	0.89	-0.45	-0.39	0.72	0.38	
-0.77	0.49	0.38	0.49	0.34	0.71	0.59	0.91	-0.44	-0.38	0.72	0.39	
-0.79	0.50	0.41	0.52	0.32	0.71	0.64	0.92	-0.44	-0.37	0.73	0.39	
-0.77	0.51	0.40	0.48	0.34	0.73	0.62	0.91	-0.47	-0.37	0.73	0.38	
-0.78	0.49	0.41	0.53	0.33	0.70	0.56	0.90	-0.47	-0.37	0.73	0.39	
-0.79	0.52	0.40	0.47	0.32	0.70	0.55	0.90	-0.45	-0.37	0.73	0.38	
-0.76	0.51	0.39	0.46	0.31	0.73	0.62	0.91	-0.45	-0.39	0.73	0.39	
-0.77	0.51	0.38	0.49	0.34	0.72	0.65	0.89	-0.45	-0.38	0.71	0.39	
-0.77	0.52	0.39	0.49	0.33	0.72	0.61	0.92	-0.47	-0.38	0.73	0.36	
-0.77	0.48	0.39	0.45	0.31	0.73	0.56	0.89	-0.45	-0.40	0.73	0.38	
-0.77	0.52	0.39	0.52	0.31	0.71	0.58	0.91	-0.46	-0.38	0.73	0.40	
-0.77	0.50	0.41	0.48	0.33	0.70	0.63	0.92	-0.45	-0.37	0.73	0.39	
-0.79	0.51	0.37	0.50	0.33	0.70	0.63	0.92	-0.45	-0.38	0.72	0.39	
-0.78	0.52	0.43	0.51	0.34	0.72	0.58	0.89	-0.46	-0.38	0.73	0.38	
-0.83	0.50	0.21	0.43	0.32	0.70	0.54	0.90	-0.44	-0.37	0.73	0.38	
-1.15	0.49	0.32	0.49	0.37	0.68	0.56	0.93	-0.46	-0.38	0.71	0.40	
-0.67	0.33	0.49	0.51	0.34	0.70	0.64	0.91	-0.45	-0.36	0.73	0.38	
-0.50	0.15	0.52	0.51	0.32	0.71	0.62	0.89	-0.45	-0.36	0.71	0.37	
-0.86	0.28	0.86	0.50	0.31	0.72	0.53	0.90	-0.45	-0.38	0.73	0.38	
-0.99	0.23	0.47	0.52	0.34	0.70	0.53	0.90	-0.47	-0.34	0.75	0.44	
-0.96	0.11	0.40	0.48	0.33	0.70	0.62	0.91	-0.48	-0.35	0.72	0.39	
-0.97	0.22	0.53	0.47	0.32	0.73	0.67	0.89	-0.46	-0.38	0.72	0.40	
-0.93	0.56	0.79	0.91	0.38	0.62	0.56	0.90	-0.47	-0.40	0.74	0.39	
-1.13	0.37	0.43	0.42	0.40	0.74	0.53	0.91	-0.47	-0.44	0.68	0.43	
-0.81	0.27	0.28	0.61	0.60	0.76	0.59	0.89	-0.47	-0.39	0.69	0.50	
-0.88	0.24	0.25	0.81	0.77	0.79	0.72	0.95	-0.41	-0.46	0.68	0.38	
-0.99	0.22	0.14	0.79	0.38	0.73	0.66	0.94	-0.37	-0.35	0.71	0.20	
-1.12	0.14	-0.33	0.90	0.18	0.67	0.54	0.94	-0.42	-0.50	0.69	0.23	
-0.92	0.10	-0.57	0.94	-0.13	0.43	0.32	0.99	-0.41	-0.55	0.64	0.22	
-0.81	-0.08	-0.69	1.04	-0.39	0.15	0.20	1.06	-0.24	-0.31	0.77	0.18	
-0.58	0.03	-0.97	0.59	0.03	0.53	0.49	1.03	-0.31	-0.46	0.85	0.16	
-0.60	0.25	-0.85	0.26	-0.23	0.55	0.42	0.91	-0.46	-0.41	0.81	0.13	
-0.66	0.14	-0.94	0.26	-0.35	0.67	0.45	1.11	-0.34	-0.33	0.87	0.07	
-0.74	-0.02	-1.10	0.01	-0.48	0.70	0.54	0.87	-0.21	-0.38	0.88	0.06	
-0.66	0.45	-0.75	0.06	-0.57	0.69	0.65	0.96	-0.05	-0.38	0.88	0.09	
-0.80	0.39	-0.89	0.07	-0.49	0.94	0.74	1.01	-0.29	-0.28	0.87	0.10	
-1.89	-0.18	-1.16	-0.75	-0.05	0.42	0.33	0.92	-0.25	-0.28	0.85	0.08	
-1.33	-0.34	-1.25	0.45	0.46	-1.25	-0.69	1.04	-0.33	-0.27	0.83	0.19	
-1.19	-0.30	-0.82	1.44	-0.55	-1.76	-1.15	0.97	-0.34	-0.26	1.01	0.21	
-0.47	0.00	-0.22	1.04	-0.43	-1.63	-1.37	1.02	-0.43	-0.27	0.98	0.20	
0.48	0.24	0.53	1.29	0.13	-0.80	-0.78	0.98	-0.36	-0.33	0.84	0.16	
0.50	0.25	1.17	0.82	0.22	-0.37	-0.40	0.92	-0.37	-0.38	0.74	0.02	
0.21	-0.08	0.92	0.51	0.43	-0.64	-0.60	0.95	-0.41	-0.27	0.93	0.19	
-0.02	0.24	0.94	1.28	0.16	-0.93	-0.86	0.92	-0.35	-0.26	0.93	0.25	
-0.44	0.13	-0.33	1.27	-0.23	-1.66	-1.28	0.96	-0.33	-0.28	0.84	0.14	
-0.54	-0.46	-1.26	1.12	-0.36	-1.08	-0.91	0.97	-0.36	-0.26	0.90	0.20	
-0.49	-0.59	-1.54	1.29	-0.34	-0.75	-0.82	0.96	-0.33	-0.26	0.95	0.21	
-0.58	-0.15	-1.47	0.00	-1.11	0.11	-0.16	1.12	-0.34	-0.30	0.84	0.19	
-1.35	0.07	-1.02	-0.86	0.27	1.04	0.61	0.98	-0.40	-0.33	0.87	0.19	
-0.69	0.00	-1.06	-1.17	0.12	1.26	0.76	0.96	-0.36	-0.29	0.84	0.15	
-0.32	0.10	-1.09	-0.04	-0.31	0.92	0.63	0.98	-0.36	-0.30	0.84	0.15	
-1.01	0.08	-0.63	-0.67	0.28	1.30	1.02	0.93	-0.36	-0.28	0.87	0.18	
-1.03	-0.07	-1.43	-0.10	0.00	0.41	0.51	0.99	-0.34	-0.32	0.80	0.16	
-1.75	0.10	-0.74	-1.00	1.28	0.07	0.07	0.98	-0.37	-0.31	0.82	0.18	
-0.75	-0.15	-0.80	0.46	-0.37	-1.42	-0.91	0.96	-0.36	-0.32	0.75	0.19	
-0.65	-0.24	-0.04	0.92	-0.26	-1.31	-0.88	0.98	-0.38	-0.28	0.84	0.21	
-0.18	-0.28	0.28	0.96	-0.14	-1.33	-1.11	0.94	-0.36	-0.26	0.92	0.17	
-0.03	1.90	1.45	1.40	-0.26	-0.42	-0.55	0.98	-0.37	-0.27	0.73	0.11	
0.27	-0.06	0.99	0.70	0.32	-0.73	-0.58	0.99	-0.35	-0.30	0.87	0.18	
0.23	0.02	1.08	0.92	0.25	-0.96	-0.79	0.97	-0.37	-0.30	0.87	0.21	
-0.49	-0.41	-0.14	1.29	-0.03	-1.06	-0.98	0.97	-0.36	-0.29	0.89	0.18	
-0.75	-0.32	-0.58	0.59	-0.47	-1.32	-1.09	0.97	-0.34	-0.27	0.86	0.20	
-0.35	-0.31	-1.27	0.76	-0.60	-0.63	-0.65	0.98	-0.38	-0.27	0.82	0.19	
-0.42	-0.05	-1.46	1.46	-0.75	-0.32	-0.54	0.97	-0.34	-0.28	0.87	0.18	
-0.70	-0.11	-1.26	0.00	-0.10	0.25	0.07	0.97	-0.33	-0.28	0.86	0.20	
-1.23	-0.19	-0.84	-0.58	-0.06	1.04	0.60	0.92	-0.37	-0.29	0.87	0.18	
-0.75	-0.09	-1.01	-0.62	-0.30	1.16	0.68	0.94	-0.35	-0.29	0.83	0.19	
-0.36	0.09	-1.02	0.09	0.01	0.91	0.76	0.96	-0.35	-0.28	0.88	0.15	
-0.88	0.16	-0.93	0.33	-0.46	0.87	0.75	0.99	-0.36	-0.29	0.88	0.19	
-0.60	-0.09	-1.43	0.18	-0.32	0.26	0.26	0.94	-0.35	-0.27	0.82	0.17	
-1.47	-0.44	-1.04	0.39	0.21	-0.48	-0.31	0.95	-0.32	-0.28	0.86	0.20	
-1.26	-0.36	-1.34	0.90	0.11	-0.95	-0.57	0.94	-0.36	-0.30	0.91	0.19	
-0.11	-0.81	-0.27	0.87	-0.07	-1.20	-0.88	0.97	-0.38	-0.27	0.89	0.17	
-0.23	-0.12	0.09	0.87	0.01	-1.45	-1.18	0.96	-0.36	-0.29	0.86	0.15	
0.29	0.28	0.98	0.23	-0.93	-0.64	-0.59	0.94	-0.36	-0.28	0.86	0.18	
0.13	-0.05	1.08	0.49	0.19	-0.67	-0.62	0.96	-0.35	-0.31	0.55	0.16	
0.37	-0.25	0.76	0.42	0.08	-1.01	-0.91	0.93	-0.35	-0.22	0.87	0.21	
-0.54	-0.10	0.19	0.84	-0.10	-1.19	-1.06	1.01	-0.40	-0.25	0.91	0.21	
-0.62	-0.18	-0.54	1.24	-0.03	-1.13	-0.93	0.95	-0.36	-0.24	1.00	0.21	
-0.78	-0.50	-1.09	1.15	-0.31	-0.75	-0.78	0.94	-0.35	-0.31	0.84	0.17	
-0.69	-0.25	-1.14	0.84	-0.23	-0.24	-0.45	1.01	-0.39	-0.27	0.81	0.20	
-0.82	-0.16	-1.19	0.15	-0.11	0.35	0.12	0.95	-0.36	-0.31	0.84	0.18	
-0.87	-0.05	-1.00	-0.63	-0.02	0.82	0.41	0.96	-0.37	-0.28	0.84	0.19	
-0.74	-0.03	-0.98	-0.87	0.02	1.15	0.71	0.96	-0.35	-0.28	0.85	0.19	
-0.47	0.01	-1.04	-0.29	-0.34	1.03	0.83	0.99	-0.34	-0.29	0.83	0.15	
-0.65	-0.10	-1.08	0.17	-0.55	0.60	0.54	0.97	-0.37	-0.28	0.85	0.18	
-1.30	-0.25	-1.28	0.68	-0.08	-0.16	-0.10	0.98	-0.36	-0.31	0.86	0.19	
-1.24	-0.13	-1.16	1.12	-0.07	-0.70	-0.39	0.98	-0.35	-0.28	0.86	0.21	
-1.11	-0.20	-0.56	0.93	-0.34	-1.37	-0.96	0.97	-0.37	-0.26	0.89	0.19	
-0.03	-0.29	0.10	0.79	-0.33	-1.41	-1.16	0.96	-0.34	-0.14	1.17	0.42	
0.36	0.02	0.84	0.84	0.06	-0.89	-0.76	0.97	-0.35	-0.28	0.73	0.09	
0.53	-0.85	0.36	0.75	-0.20	-0.79	-0.72	1.00	-0.36	-0.25	1.01	0.21	
0.53	-0.28	0.95	0.57	0.11	-0.80	-0.82	0.97	-0.35	-0.29	0.92	0.21	
-0.08	-0.19	0.66	0.74	-0.10	-0.97	-0.88	0.97	-0.37	-0.27	0.83	0.21	
-0.62	-0.21	-0.21	0.88	-0.06	-1.08	-0.85	0.96	-0.35	-0.27	0.84	0.18	
-0.80	-0.57	-0.97	1.62	-0.18	-1.04	-1.01	0.96	-0.35	-0.29	0.84	0.19	
-1.16	-0.36	-1.22	0.91	-0.30	-0.34	-0.49	0.96	-0.35	-0.29	0.91	0.18	
-0.24	-0.44	-1.37	0.29	-0.11	0.27	0.01	0.97	-0.36	-0.27	0.89	0.17	
-0.62	-0.06	-1.26	-0.66	-0.15	0.82	0.31	0.96	-0.35	-0.28	0.85	0.18	
-0.57	0.35	-0.79	0.09	0.06	0.97	0.62	0.97	-0.35	-0.25	0.89	0.16	
-0.50	0.00	-1.08	-0.22	-0.17	1.05	0.83	0.98	-0.34	-0.29	0.88	0.18	
-0.74	-0.05	-0.94	-0.23	-0.24	1.24	0.92	0.96	-0.35	-0.29	0.84	0.19	
-1.10	-0.36	-1.50	-0.25	-0.10	0.55	0.44	0.97	-0.36	-0.29	0.85	0.17	
-1.25	-0.06	-1.23	0.45	0.05	-0.47	-0.12	0.99	-0.37	-0.27	0.86	0.17	
-0.94	-0.13	-0.63	0.69	-0.22	-1.18	-0.75	0.97	-0.37	-0.29	0.84	0.21	
-0.32	-0.34	-0.30	0.78	-0.26	-1.46	-1.15	0.99	-0.36	-0.26	0.90	0.20	
-0.19	-0.18	0.21	0.94	-0.09	-1.42	-1.04	1.24	-0.44	-0.28	0.86	0.15	
0.32	1.42	1.28	1.21	-0.10	-0.41	-0.60	0.89	-0.43	-0.30	0.80	0.12	
0.43	0.56	1.22	0.32	0.15	-0.80	-0.79	1.05	-0.37	-0.19	0.91	0.16	
0.20	-0.01	1.14	0.39	-0.14	-0.85	-0.74	0.94	-0.36	-0.22	1.03	0.24	
0.58	-0.57	0.57	1.02	-0.08	-1.16	-0.87	1.01	-0.37	-0.26	0.91	0.18	
-0.70	-0.37	-0.07	1.04	0.00	-1.33	-1.16	0.96	-0.36	-0.28	0.93	0.19	
-0.82	-0.33	-1.07	0.35	-0.47	-1.06	-1.06	0.96	-0.36	-0.27	1.04	0.15	
-1.35	-0.16	-0.84	0.65	-0.81	-0.60	-0.54	0.98	-0.37	-0.31	0.87	0.18	
-1.00	0.24	-1.04	1.37	-1.72	-0.41	-0.57	0.96	-0.36	-0.28	0.75	0.15	
-0.81	-0.12	-1.16	-1.04	-0.19	0.85	0.37	0.94	-0.34	-0.30	0.76	0.13	
-0.63	-0.01	-1.04	0.25	-0.62	0.55	0.36	1.00	-0.35	-0.30	0.88	0.17	
-0.60	-0.13	-1.09	0.13	-0.54	0.70	0.40	0.95	-0.33	-0.30	0.86	0.15	
-1.19	-0.14	-1.07	-0.17	0.23	1.10	0.71	0.96	-0.35	-0.28	0.82	0.15	
-0.98	-0.17	-1.27	0.38	-0.23	-0.09	0.15	0.97	-0.35	-0.28	0.89	0.18	
-1.23	-0.24	-1.07	0.59	0.07	-0.42	-0.23	0.95	-0.37	-0.29	0.85	0.18	
-1.33	-0.31	-0.77	0.93	-0.37	-0.98	-0.76	0.97	-0.37	-0.28	0.85	0.20	
-0.28	-0.26	-0.06	0.77	-0.29	-1.26	-0.88	0.97	-0.36	-0.28	0.87	0.19	
0.37	-0.17	0.67	1.08	0.00	-0.84	-0.81	0.97	-0.36	-0.32	0.66	0.08	
0.45	-0.57	0.78	0.69	-0.31	-0.66	-0.72	0.96	-0.35	-0.28	0.86	0.20	
0.21	-0.45	0.67	0.36	-0.14	-1.04	-0.81	0.96	-0.36	-0.26	0.90	0.23	
0.89	-0.18	0.92	0.97	0.12	-0.74	-0.65	0.97	-0.37	-0.29	0.86	0.18	
-0.44	-0.23	0.14	0.97	-0.04	-1.05	-0.95	0.95	-0.35	-0.27	0.87	0.20	
-0.52	-0.36	-0.45	0.96	-0.05	-1.35	-1.16	0.95	-0.38	-0.31	0.63	0.12	
-0.63	0.23	-0.67	0.78	-0.73	-0.62	-0.59	0.96	-0.34	-0.31	0.86	0.20	
-0.62	0.29	-1.09	0.92	-0.43	-0.23	-0.44	0.97	-0.35	-0.28	0.83	0.20	
-0.62	-0.05	-1.51	0.33	-0.49	0.35	0.03	0.97	-0.37	-0.29	0.87	0.19	
-1.58	0.35	-0.46	-0.91	-0.49	0.84	0.54	0.96	-0.37	-0.28	0.85	0.17	
-1.14	-0.22	-0.72	-0.05	-0.33	0.93	0.62	0.98	-0.35	-0.29	0.85	0.18	
-0.57	-0.28	-1.02	0.04	-0.41	0.69	0.45	0.94	-0.36	-0.29	0.84	0.18	
-0.95	-0.04	-1.09	-0.34	-0.10	1.11	0.85	0.97	-0.35	-0.34	0.69	0.19	
-1.42	-0.21	-1.21	-0.01	-0.11	0.05	0.21	0.98	-0.36	-0.28	0.79	0.20	
-1.30	0.08	-0.73	0.87	-0.28	-0.37	-0.26	0.98	-0.37	-0.25	0.89	0.18	
-1.00	-0.14	-0.25	0.93	-0.30	-1.06	-0.66	0.96	-0.37	-0.30	0.86	0.18	
-0.52	-0.35	-0.18	0.82	-0.25	-1.43	-1.04	0.98	-0.36	-0.28	0.89	0.20	
-0.11	-0.15	0.30	0.99	-0.10	-0.93	-0.90	0.96	-0.37	-0.26	0.86	0.19	
-0.10	0.45	1.22	0.87	-0.03	-0.52	-0.51	0.96	-0.34	-0.25	0.84	0.18	
-0.22	-0.23	0.84	0.24	-0.04	-0.86	-0.73	0.97	-0.35	-0.29	0.88	0.21	
-0.14	-0.28	0.81	0.45	-0.26	-0.91	-0.89	0.95	-0.36	-0.29	0.88	0.21	
0.13	-0.11	0.73	1.28	-0.10	-0.82	-0.70	0.98	-0.37	-0.28	0.73	0.21	
-0.64	-0.04	-0.05	1.25	-0.17	-1.04	-0.85	0.97	-0.36	-0.26	0.88	0.19	
-0.87	-0.21	-0.95	1.39	-0.31	-0.83	-0.86	0.98	-0.37	-0.28	0.86	0.20	
-1.01	-0.75	-1.36	0.70	-0.10	0.00	-0.17	0.97	-0.35	-0.28	0.84	0.20	
-0.91	-0.08	-1.19	1.11	-0.70	0.21	0.00	0.97	-0.35	-0.29	0.83	0.16	
-0.88	-0.09	-1.04	-0.12	-0.26	0.66	0.26	0.98	-0.36	-0.31	0.91	0.15	
-0.80	-0.08	-0.95	-0.16	-0.30	0.93	0.63	0.97	-0.36	-0.27	0.88	0.17	
-0.35	0.04	-1.10	0.25	-0.44	0.84	0.66	0.99	-0.34	-0.27	0.87	0.18	
-0.77	-0.13	-0.91	0.11	-0.31	1.03	0.70	0.97	-0.37	-0.27	0.84	0.17	
-1.15	-0.31	-1.38	-0.13	-0.13	0.57	0.47	0.97	-0.33	-0.30	0.86	0.20	
-1.36	-0.31	-1.34	0.40	-0.17	-0.34	-0.02	0.97	-0.36	-0.27	0.86	0.16	
-1.02	-0.08	-0.53	0.95	-0.52	-1.20	-0.85	0.95	-0.37	-0.30	0.85	0.18	
-0.33	-0.32	-0.09	1.01	-0.30	-1.12	-0.86	0.96	-0.36	-0.28	0.84	0.18	
-0.08	-0.14	0.25	0.93	-0.43	-0.89	-0.75	0.97	-0.37	-0.23	1.02	0.24	
0.40	-0.05	0.82	1.02	-0.11	-0.57	-0.67	0.97	-0.35	-0.26	0.86	0.20	
0.36	-0.36	0.82	0.45	-0.06	-1.01	-0.83	0.98	-0.36	-0.28	0.86	0.20	
-0.03	-0.41	0.72	0.46	-0.21	-0.93	-0.73	0.97	-0.37	-0.29	0.86	0.21	
0.21	-0.62	0.66	0.98	-0.04	-0.70	-0.74	0.97	-0.35	-0.26	0.93	0.21	
-0.44	0.06	0.43	0.93	-0.10	-1.05	-0.94	0.97	-0.37	-0.26	0.93	0.21	
-0.63	-0.21	-0.55	1.00	-0.38	-1.17	-0.93	0.96	-0.36	-0.31	0.84	0.18	
-0.83	0.07	-1.00	0.87	-0.63	-0.88	-0.84	0.93	-0.36	-0.28	0.83	0.18	
-1.03	-0.09	-1.09	0.38	-0.09	0.08	-0.26	0.95	-0.36	-0.27	0.86	0.18	
-1.05	-0.21	-1.04	-0.34	-0.12	0.66	0.37	0.95	-0.35	-0.28	0.86	0.18	
-0.80	-0.06	-1.02	-0.27	-0.32	0.93	0.55	0.97	-0.36	-0.28	0.85	0.17	
-0.50	-0.04	-1.06	0.12	-0.38	0.87	0.56	0.96	-0.37	-0.27	0.84	0.17	
-0.62	-0.07	-0.85	0.02	-0.35	1.04	0.82	0.97	-0.37	-0.29	0.86	0.17	
-1.26	-0.21	-0.86	-0.33	-0.04	1.00	0.81	0.96	-0.37	-0.27	0.84	0.16	
-1.54	-0.27	-1.34	0.42	-0.19	-0.33	-0.18	0.96	-0.37	-0.29	0.84	0.18	
-1.32	-0.33	-0.55	1.14	-0.21	-0.65	-0.34	0.94	-0.36	-0.26	0.86	0.17	
-0.87	-0.30	-0.36	1.59	-0.38	-0.78	-0.59	0.95	-0.36	-0.29	0.85	0.19	
-0.55	-0.26	-0.06	1.04	-0.20	-1.05	-0.88	0.95	-0.37	-0.25	0.86	0.20	
0.34	-0.07	0.65	1.11	-0.01	-0.82	-0.62	0.96	-0.37	-0.26	0.86	0.20	
-0.34	0.08	1.18	0.90	-0.06	-0.51	-0.56	0.98	-0.38	-0.22	0.91	0.23	
-0.53	0.20	0.92	0.35	-0.55	-1.04	-0.96	0.97	-0.37	-0.26	0.83	0.19	
-0.30	-0.04	0.82	0.61	0.06	-0.66	-0.58	0.97	-0.36	-0.27	0.80	0.20	
-0.11	-0.16	0.76	1.05	0.17	-0.82	-0.67	0.97	-0.37	-0.27	0.87	0.17	
-0.74	-0.32	-0.11	1.14	-0.06	-0.91	-0.89	0.94	-0.36	-0.33	0.76	0.23	
-1.03	-0.35	-0.56	1.11	-0.40	-0.84	-0.76	0.96	-0.38	-0.29	0.78	0.18	
-1.14	-0.14	-1.07	0.87	-0.42	-0.42	-0.46	0.97	-0.35	-0.27	0.89	0.20	
-1.05	-0.12	-1.11	0.45	-0.50	-0.06	-0.31	1.00	-0.34	-0.29	0.87	0.18	
-1.04	-0.18	-0.91	-0.39	-0.04	0.93	0.56	0.96	-0.36	-0.29	0.90	0.20	
-0.93	-0.21	-0.90	0.04	-0.21	0.90	0.57	0.96	-0.36	-0.28	0.83	0.18	
-0.45	-0.10	-1.10	0.01	-0.19	0.72	0.45	0.95	-0.36	-0.28	0.85	0.18	
-0.58	-0.14	-0.90	0.22	-0.09	1.00	0.77	0.98	-0.35	-0.29	0.85	0.18	
-1.30	-0.24	-0.87	-0.27	-0.08	1.05	0.87	0.96	-0.35	-0.29	0.84	0.19	
-1.46	-0.24	-1.27	0.15	-0.13	-0.41	-0.20	0.95	-0.36	-0.28	0.84	0.18	
-0.95	-0.36	-0.93	1.23	0.25	-0.79	-0.48	0.98	-0.38	-0.28	0.87	0.17	
-0.74	-0.21	-0.49	0.76	-0.14	-1.05	-0.78	0.95	-0.36	-0.29	0.83	0.19	
0.00	-0.28	0.03	1.38	-0.32	-1.42	-1.19	0.95	-0.38	-0.25	1.02	0.41	
0.21	-0.37	0.56	1.16	0.01	-0.77	-0.71	0.94	-0.42	-0.26	1.05	0.26	
0.05	-0.65	0.80	0.85	0.19	-0.60	-0.54	0.93	-0.39	-0.28	0.88	0.19	
-0.32	-0.24	0.87	0.37	-0.06	-0.93	-0.78	0.91	-0.36	-0.33	0.89	0.18	
-0.27	-0.37	0.90	0.80	-0.08	-0.85	-0.84	0.95	-0.33	-0.44	0.73	0.20	
0.04	-0.04	0.86	1.27	-0.07	-0.89	-0.72	0.93	-0.35	-0.30	0.72	0.20	
-0.46	-0.22	-0.35	0.96	-0.31	-1.17	-0.98	0.94	-0.41	-0.27	0.92	0.21	
-0.53	-0.86	-1.10	0.86	-1.05	-0.88	-0.98	0.98	-0.36	-0.28	0.86	0.20	
-1.01	0.05	-1.04	1.49	-0.76	-0.27	-0.31	0.97	-0.32	-0.28	0.84	0.19	
-1.28	-0.56	-1.27	-0.34	0.01	0.37	0.05	0.90	-0.32	-0.30	0.88	0.20	
-0.80	-0.04	-1.04	-0.12	-0.30	0.88	0.41	0.97	-0.36	-0.28	0.83	0.20	
-0.53	-0.07	-1.04	0.07	-0.23	0.96	0.72	0.96	-0.36	-0.29	0.93	0.16	
-0.33	-0.02	-1.03	0.31	-0.33	0.87	0.68	0.97	-0.34	-0.30	0.85	0.14	
-0.86	-0.15	-0.83	0.16	-0.20	1.22	0.82	0.95	-0.35	-0.29	0.84	0.16	
-1.34	-0.28	-1.33	-0.22	-0.06	0.37	0.40	0.96	-0.34	-0.29	0.85	0.16	
-1.53	-0.36	-1.29	0.19	-0.05	-0.66	-0.25	0.94	-0.36	-0.30	0.84	0.19	
-1.23	-0.22	-0.46	0.56	-0.06	-1.16	-0.88	0.95	-0.38	-0.31	0.85	0.16	
-0.68	-0.19	-0.25	1.07	-0.24	-1.23	-0.91	0.95	-0.36	-0.29	0.85	0.19	
0.15	-0.17	0.39	1.02	-0.02	-1.09	-0.91	0.96	-0.36	-0.28	0.86	0.18	
0.25	0.75	1.40	1.02	-0.21	-0.58	-0.72	0.94	-0.36	-0.11	0.86	0.12	
0.46	-0.10	1.21	0.28	0.25	-0.92	-0.83	0.95	-0.37	-0.23	1.04	0.27	
0.21	-0.15	0.96	0.66	0.12	-0.86	-0.70	0.95	-0.36	-0.21	0.85	0.18	
-0.26	-0.30	0.24	0.96	0.20	-1.08	-0.92	0.96	-0.36	-0.32	0.94	0.21	
-0.73	-0.21	-0.61	1.06	0.24	-1.08	-1.04	0.94	-0.40	-0.26	0.94	0.23	
-1.17	-0.69	-1.25	1.46	-0.61	-0.63	-0.67	0.90	-0.28	-0.26	0.84	0.21	
-0.66	-0.14	-1.25	0.66	-0.47	-0.34	-0.40	0.98	-0.37	-0.32	0.87	0.19	
-0.85	-0.31	-1.35	0.62	-0.80	0.21	-0.14	0.98	-0.39	-0.23	0.86	0.18	
-1.09	-0.15	-1.00	-0.25	-0.11	0.73	0.43	0.98	-0.33	-0.35	0.85	0.17	
-0.80	-0.08	-0.89	-1.45	0.33	1.92	1.28	0.95	-0.36	-0.29	0.83	0.18	
-0.65	-0.04	-0.95	-0.37	-0.49	1.00	0.73	0.99	-0.33	-0.30	0.84	0.16	
-1.03	-0.12	-0.80	-0.25	-0.10	0.93	0.79	0.97	-0.37	-0.29	0.86	0.19	
-1.37	-0.11	-1.26	-0.02	0.20	0.10	0.28	0.98	-0.36	-0.30	0.83	0.17	
-1.82	1.02	-0.51	0.69	0.29	-0.71	-0.52	0.96	-0.39	-0.27	0.87	0.18	
-0.80	-0.56	-0.73	0.90	-0.33	-1.39	-1.00	0.95	-0.36	-0.31	0.83	0.19	
-0.40	-0.17	-0.09	0.90	-0.03	-1.76	-1.25	0.95	-0.36	-0.40	0.73	0.17	
0.02	-0.13	0.71	1.12	0.23	-0.99	-1.02	0.97	-0.35	-0.31	0.85	0.12	
-0.01	-0.11	1.08	0.81	0.29	-0.60	-0.68	0.94	-0.34	-0.22	1.18	0.27	
-0.17	-0.03	0.94	0.40	0.14	-0.76	-0.62	0.97	-0.38	-0.29	0.84	0.21	
0.06	0.01	1.16	0.91	0.25	-0.84	-0.76	0.97	-0.36	-0.29	0.87	0.21	
-0.10	-0.31	0.07	1.37	-0.06	-1.04	-0.95	0.93	-0.35	-0.27	0.98	0.21	
-0.38	-0.06	-0.50	0.77	0.12	-1.20	-1.00	0.97	-0.37	-0.28	0.81	0.17	
-0.77	-0.68	-1.27	1.46	-0.04	-0.73	-0.70	0.98	-0.36	-0.25	0.87	0.20	
-1.08	0.06	-1.35	0.58	-0.25	-0.12	-0.38	0.96	-0.36	-0.25	0.85	0.17	
-1.06	-0.08	-1.16	-0.08	0.33	0.16	0.00	0.97	-0.39	-0.33	0.75	0.16	
-1.04	0.02	-0.84	-0.28	-0.29	0.95	0.57	0.97	-0.34	-0.28	0.80	0.14	
-0.57	0.08	-0.99	-0.11	-0.38	1.04	0.62	0.95	-0.36	-0.29	0.84	0.18	
-0.53	-0.03	-0.97	1.69	-1.72	0.65	0.47	0.97	-0.36	-0.28	0.84	0.16	
-1.53	-0.25	-1.19	0.11	0.17	0.50	0.49	0.98	-0.36	-0.28	0.83	0.19	
-1.35	-0.05	-1.43	0.23	-0.04	-0.62	-0.32	0.95	-0.36	-0.27	0.87	0.18	
-0.80	-0.17	-0.82	0.75	-0.70	-1.27	-0.95	0.98	-0.37	-0.27	0.82	0.19	
-0.62	-0.35	-0.38	0.92	-0.03	-1.48	-1.05	0.94	-0.36	-0.26	0.85	0.16	
0.21	-0.08	0.54	1.04	0.04	-1.14	-1.05	0.92	-0.36	-0.28	0.85	0.18	
0.16	-0.21	1.11	1.07	-0.03	-0.72	-0.82	0.96	-0.33	-0.27	0.83	0.19	
-0.10	0.93	1.27	0.40	0.09	-0.90	-0.74	0.99	-0.36	-0.27	0.92	0.21	
0.01	-0.55	0.64	0.72	0.12	-0.80	-0.69	0.98	-0.34	-0.36	0.62	0.12	
0.02	-0.27	0.29	1.04	0.45	-1.20	-1.04	0.98	-0.41	-0.33	0.87	0.17	
-0.86	-0.19	-1.04	1.24	-0.48	-1.23	-1.16	0.93	-0.38	-0.23	0.82	0.20	
-0.98	-0.35	-1.33	0.72	-0.45	-0.79	-0.71	0.91	-0.34	-0.29	0.78	0.19	
-1.27	-0.55	-1.50	0.55	-0.09	-0.26	-0.46	0.96	-0.36	-0.29	0.90	0.17	
-0.93	-0.08	-1.20	-0.43	0.95	0.45	0.08	0.98	-0.37	-0.32	0.97	0.13	
-0.90	-0.28	-0.92	-0.33	0.21	0.76	0.50	0.90	-0.36	-0.27	0.83	0.19	
-0.49	0.03	-1.02	0.54	-0.36	0.83	0.55	0.97	-0.33	-0.25	0.87	0.17	
-0.52	-0.07	-1.04	-0.99	0.21	1.32	0.83	0.96	-0.35	-0.27	0.85	0.20	
-1.16	-0.12	-1.01	-0.61	-0.14	0.94	0.75	0.96	-0.36	-0.28	0.89	0.17	
-1.23	-0.16	-1.38	-0.03	0.13	-0.16	0.12	0.95	-0.33	-0.28	0.91	0.20	
-0.62	-0.77	-1.62	0.85	-0.85	-0.90	-0.57	0.96	-0.34	-0.26	0.83	0.20	
-1.09	-0.35	-0.61	0.74	-0.19	-1.40	-0.98	0.96	-0.36	-0.28	0.87	0.17	
-0.47	-0.30	-0.35	0.63	-0.09	-1.48	-1.13	0.95	-0.37	-0.25	0.92	0.20	
0.66	-0.38	0.86	1.23	0.27	-0.83	-0.89	0.96	-0.38	-0.28	0.96	0.20	
0.13	-0.08	1.06	0.73	0.01	-0.70	-0.68	0.97	-0.37	-0.28	0.82	0.20	
-0.01	-0.22	0.87	0.52	0.17	-0.98	-0.76	0.99	-0.35	-0.30	0.87	0.21	
0.27	-0.18	0.88	0.85	0.09	-0.94	-0.88	0.93	-0.37	-0.32	0.78	0.19	
0.00	0.05	0.28	0.98	0.15	-1.19	-1.09	1.00	-0.41	-0.24	1.09	0.22	
-1.12	-0.23	-0.76	1.23	-0.29	-1.10	-0.99	0.94	-0.35	-0.28	0.88	0.17	
-0.46	0.35	-1.14	0.30	-0.26	-0.48	-0.52	0.95	-0.36	-0.25	0.83	0.16	
-0.63	-0.22	-1.52	0.20	-0.11	-0.02	-0.28	0.97	-0.35	-0.27	0.89	0.21	
-0.88	0.03	-1.10	-0.16	0.65	0.65	0.33	0.96	-0.35	-0.26	0.86	0.16	
-0.69	-0.20	-0.92	-0.33	-0.84	0.68	0.51	0.96	-0.35	-0.25	0.88	0.20	
-0.62	0.02	-0.96	0.06	-0.89	0.77	0.45	0.97	-0.36	-0.28	0.87	0.17	
-0.66	-0.03	-0.97	0.09	-0.36	0.89	0.61	0.97	-0.35	-0.29	0.84	0.18	
-1.25	-0.07	-1.07	-0.41	-0.09	0.89	0.75	0.98	-0.35	-0.28	0.86	0.19	
-1.46	-0.18	-1.25	0.11	-0.09	0.02	0.18	0.97	-0.35	-0.27	0.88	0.19	
-1.00	-0.19	-1.04	0.77	0.03	-0.95	-0.65	0.97	-0.37	-0.25	0.84	0.19	
-1.09	-0.40	-0.77	0.41	0.01	-1.53	-1.04	0.95	-0.37	-0.26	0.81	0.18	
-0.65	-0.22	-0.33	0.83	-0.04	-1.62	-1.23	1.03	-0.35	-0.29	0.88	0.20	
0.38	0.02	0.76	1.30	0.24	-0.83	-0.93	0.98	-0.34	-0.31	0.79	0.08	
-0.01	0.66	1.30	0.84	-0.03	-0.46	-0.54	0.99	-0.39	-0.22	0.91	0.26	
0.16	-0.58	0.73	0.43	0.10	-0.78	-0.64	0.94	-0.36	-0.27	0.84	0.20	
-0.17	-0.32	0.75	0.78	0.07	-0.86	-0.77	0.97	-0.37	-0.29	1.13	0.24	
-0.28	-0.27	-0.17	0.94	0.16	-1.26	-1.09	0.96	-0.36	-0.29	0.86	0.20	
-0.63	-0.24	-0.82	1.27	-0.31	-1.04	-0.89	0.98	-0.37	-0.27	0.94	0.21	
-0.66	0.14	-1.49	0.44	-0.78	-0.62	-0.68	0.97	-0.36	-0.29	0.86	0.19	
-1.11	-0.46	-1.35	0.71	-1.62	0.36	0.00	0.99	-0.38	-0.31	1.01	0.17	
-0.98	-0.16	-1.12	0.68	-0.35	0.56	0.31	0.79	-0.27	-0.30	0.87	0.20	
-0.76	-0.22	-1.09	0.02	-0.41	0.91	0.62	1.00	-0.39	-0.27	0.79	0.18	
-0.53	-0.04	-1.04	0.02	-0.02	1.09	0.69	1.05	-0.42	-0.32	0.82	0.18	
-0.64	-0.03	-0.95	0.11	-0.30	0.99	0.73	0.99	-0.34	-0.28	0.84	0.19	
-0.81	-0.14	-0.93	-0.17	-0.17	0.74	0.69	0.98	-0.34	-0.29	0.85	0.18	
-1.09	-0.18	-0.94	0.44	-0.18	0.18	0.21	1.00	-0.34	-0.27	0.83	0.20	
-1.01	-0.33	-0.78	0.62	-0.27	-0.82	-0.53	0.97	-0.36	-0.24	1.08	0.22	
-1.29	-0.40	-0.96	0.50	-0.20	-1.23	-0.78	0.98	-0.37	-0.31	0.77	0.20	
-0.99	-0.34	-0.43	0.89	-0.70	-1.44	-1.17	0.95	-0.39	-0.30	0.82	0.17	
0.14	0.16	0.47	0.94	0.17	-1.25	-1.07	0.98	-0.36	-0.26	0.86	0.19	
0.52	-0.32	0.55	1.08	0.08	-0.66	-0.63	0.97	-0.35	-0.29	0.85	0.18	
0.13	-0.21	0.94	0.58	0.24	-0.59	-0.59	0.97	-0.33	-0.21	1.06	0.21	
0.26	-0.41	0.48	0.71	-0.28	-1.29	-1.12	0.94	-0.37	-0.33	0.76	0.15	
-0.49	-0.15	-0.07	0.86	0.06	-1.39	-1.20	0.98	-0.37	-0.30	0.80	0.17	
-1.03	-0.86	-1.23	0.67	-0.13	-1.21	-0.96	0.96	-0.37	-0.31	0.91	0.25	
-0.63	0.01	-1.23	1.02	-0.55	-0.80	-0.89	0.96	-0.36	-0.26	0.81	0.19	
-0.70	-1.17	-1.80	0.19	-0.73	-0.32	-0.50	0.96	-0.37	-0.31	0.83	0.15	
-0.83	-0.81	-1.24	-0.33	0.05	0.76	0.36	1.04	-0.45	-0.29	0.87	0.19	
-0.62	-0.07	-0.94	0.13	-0.38	0.85	0.44	0.96	-0.34	-0.29	0.88	0.19	
-0.45	-0.05	-1.01	0.11	-0.28	0.90	0.59	0.97	-0.36	-0.29	0.85	0.18	
-1.08	-0.16	-1.07	-0.35	-0.13	0.92	0.75	0.95	-0.37	-0.30	0.83	0.21	
-0.69	-0.73	-1.61	0.03	-0.13	-0.10	0.05	0.98	-0.38	-0.31	0.86	0.16	
-0.81	-0.43	-0.97	0.26	-0.14	-0.87	-0.61	0.97	-0.36	-0.28	0.83	0.17	
-0.88	-0.48	-0.72	0.87	-0.32	-1.30	-0.87	0.96	-0.38	-0.30	0.84	0.20	
-0.85	-0.44	-0.12	0.58	-0.05	-1.20	-1.04	0.94	-0.36	-0.30	0.77	0.19	
-0.04	-0.14	0.61	1.11	0.21	-1.07	-0.96	0.97	-0.37	-0.28	0.87	0.21	
-0.13	-0.20	0.70	0.75	0.32	-0.69	-0.62	0.98	-0.32	-0.25	0.98	0.21	
0.08	-0.40	0.69	0.23	0.86	-0.25	-0.39	0.98	-0.37	-0.38	0.87	0.16	
-0.47	0.89	1.50	0.75	0.01	-0.95	-0.85	0.94	-0.36	-0.31	0.80	0.13	
-0.17	0.65	0.68	0.91	-0.24	-1.02	-0.87	0.93	-0.31	-0.34	0.79	0.09	
-1.17	0.39	-0.65	1.26	-0.14	-0.41	-0.42	0.99	-0.36	-0.30	0.82	0.19	
-1.14	-0.43	-1.33	0.95	-0.13	-0.73	-0.71	0.96	-0.39	-0.25	0.84	0.18	
-1.62	-0.11	-0.92	-0.18	-0.02	-0.15	-0.30	0.95	-0.34	-0.31	0.90	0.19	
-1.39	-0.12	-0.70	0.24	-0.09	0.58	0.28	0.98	-0.34	-0.25	1.04	0.24	
-0.91	-0.06	-0.74	0.62	-0.26	1.28	0.70	0.98	-0.37	-0.30	0.79	0.19	
-0.50	-0.14	-0.71	1.21	-1.01	0.27	0.28	0.93	-0.39	-0.29	0.86	0.19	
-0.76	-0.22	-0.72	0.98	-0.32	0.46	0.42	0.95	-0.35	-0.31	0.79	0.16	
-0.74	-0.09	-0.81	0.49	-0.24	0.48	0.33	0.89	-0.36	-0.31	0.62	0.17	
-0.88	0.32	-0.93	-0.58	-0.48	0.53	0.32	0.96	-0.34	-0.29	0.86	0.20	
-0.28	-1.36	-1.64	-0.44	-1.18	0.56	0.45	0.93	-0.36	-0.27	0.88	0.19	
-0.78	-0.17	-1.03	-0.29	-0.18	1.07	0.82	0.96	-0.35	-0.27	0.83	0.21	
-1.27	-0.21	-1.19	-0.65	0.13	-0.06	0.02	0.97	-0.36	-0.32	0.80	0.17	
-1.32	-0.49	-1.17	0.56	-0.16	-1.21	-0.70	0.97	-0.37	-0.16	1.01	0.27	
-0.98	-0.32	-0.62	0.88	-0.40	-1.54	-1.12	0.62	-0.43	-0.30	0.86	0.17	
-0.11	0.00	0.27	1.09	-0.15	-1.34	-1.17	1.02	-0.43	-0.33	0.87	0.21	
0.16	-0.06	0.76	1.48	-0.06	-0.65	-0.56	1.00	-0.40	-0.30	0.95	0.21	
-0.33	-0.11	0.84	0.51	-0.05	-0.90	-0.74	0.97	-0.36	-0.19	0.88	0.23	
-0.38	-0.11	0.70	0.71	-0.14	-0.84	-0.86	1.04	-0.45	-0.20	1.04	0.26	
-0.07	-0.04	1.10	0.94	0.01	-0.93	-0.80	1.05	-0.31	-0.41	0.74	0.18	
0.05	0.00	0.48	1.22	0.07	-1.01	-0.79	0.99	-0.35	-0.29	0.85	0.21	
-0.64	-0.33	-0.56	1.70	-0.17	-1.14	-1.01	0.93	-0.36	-0.30	0.92	0.18	
-0.57	-0.44	-1.35	0.89	-0.35	-1.06	-1.02	0.96	-0.34	-0.31	0.91	0.20	
-0.70	-0.20	-1.33	0.67	-0.33	-0.46	-0.51	1.00	-0.35	-0.28	0.84	0.21	
-1.07	-0.07	-1.14	-0.14	-0.21	0.22	-0.15	0.93	-0.36	-0.30	0.86	0.16	
-0.97	-0.03	-1.08	-0.52	-0.14	0.80	0.42	0.98	-0.33	-0.28	0.86	0.17	
-0.49	0.08	-1.02	-0.52	-0.17	1.13	0.77	0.96	-0.35	-0.28	0.85	0.17	
-0.55	0.08	-0.94	-0.15	-0.28	0.93	0.62	0.96	-0.35	-0.30	0.87	0.18	
-1.01	-0.06	-1.06	-0.49	-0.20	0.84	0.62	0.95	-0.34	-0.32	0.80	0.16	
-1.10	-0.19	-1.08	-0.09	0.39	0.03	0.21	0.93	-0.35	-0.31	0.86	0.19	
-1.37	-0.61	-1.35	0.62	0.78	-0.78	-0.51	0.96	-0.37	-0.28	0.84	0.19	
-1.02	-0.34	-0.76	0.55	-0.48	-1.60	-1.18	0.97	-0.35	-0.28	0.87	0.19	
-0.32	-0.23	0.00	0.65	-0.20	-1.82	-1.33	0.98	-0.34	-0.24	0.59	0.07	
0.20	-0.04	0.80	1.09	0.02	-0.88	-0.95	0.96	-0.36	-0.32	0.85	0.17	
-0.02	0.33	1.30	0.79	0.56	-0.60	-0.70	0.97	-0.36	-0.27	0.86	0.19	
-0.01	-0.04	0.75	1.01	0.30	-0.63	-0.63	0.97	-0.37	-0.28	0.80	0.17	
0.30	-0.55	0.80	1.15	-0.04	-0.98	-0.78	0.95	-0.34	-0.38	0.89	0.23	
-0.38	0.01	-0.02	0.80	-0.09	-1.32	-1.15	0.96	-0.36	-0.26	0.88	0.20	
-0.62	-0.34	-0.91	1.04	0.12	-1.45	-1.36	0.99	-0.37	-0.31	0.78	0.20	
-0.76	-0.51	-1.53	0.67	-0.56	-0.61	-0.67	0.98	-0.35	-0.30	0.86	0.17	
-1.17	-0.11	-1.33	0.39	-0.27	0.13	-0.24	0.96	-0.32	-0.30	0.83	0.15	
-0.98	-0.38	-1.00	-0.50	-0.27	0.66	0.26	0.96	-0.38	-0.29	0.90	0.16	
-0.62	-0.10	-1.06	-0.41	-1.17	0.62	0.40	0.94	-0.36	-0.29	0.85	0.18	
-0.45	0.00	-0.92	-0.31	-0.26	1.00	-1.40	0.93	-0.36	-0.26	0.85	0.18	
-0.99	0.07	-0.33	-0.48	0.06	0.00	-0.59	0.93	-0.36	-0.06	0.89	0.09	
-1.05	-0.74	-2.26	0.71	-1.32	0.84	0.39	0.05	-0.83	-0.77	0.02	-0.16	
4.99	4.22	4.30	4.74	4.41	4.48	3.81	4.55	4.60	4.99	4.73	4.75	
-1.29	-0.43	-0.75	-0.10	-0.07	0.84	1.04	0.94	-0.33	-0.27	0.93	0.21	
-1.09	-0.08	-0.69	-0.03	-0.14	0.88	0.87	0.97	-0.40	-0.35	1.16	0.38	
-0.74	-0.65	-0.74	0.44	-0.63	0.09	0.24	0.77	-0.33	-0.25	0.76	0.21	
-1.04	-0.41	-0.30	1.13	-0.54	-0.90	-0.50	0.92	-0.35	-0.24	1.04	0.29	
-0.69	-0.69	-0.14	1.09	-0.21	-1.12	-0.78	1.14	-0.37	-0.16	0.94	0.27	
-0.57	-0.05	0.55	0.90	-0.21	-1.05	-0.85	0.91	-0.37	-0.19	0.88	0.26	
-0.14	0.13	1.05	1.00	-0.20	-0.90	-0.80	0.94	-0.38	-0.29	0.83	0.19	
-0.38	-0.10	0.90	1.14	-0.23	-0.76	-0.71	0.95	-0.37	-0.23	0.75	0.23	
-0.40	0.24	0.51	0.84	-0.13	-0.95	-0.83	0.99	-0.37	-0.27	0.87	0.16	
-1.01	0.30	-0.51	1.08	-0.28	-0.74	-0.72	0.99	-0.38	-0.26	0.83	0.21	
-0.53	-0.17	-0.92	0.92	-0.78	-0.56	-0.59	1.11	-0.37	-0.26	0.81	0.08	
-0.90	-0.09	-1.32	0.47	-0.46	-0.20	-0.36	0.64	-0.39	-0.35	0.86	0.14	
-1.19	-0.05	-1.01	0.24	-0.17	0.39	0.10	0.93	-0.22	-0.34	0.83	0.14	
-0.95	0.12	-0.45	-0.14	0.23	0.71	0.40	0.91	-0.61	-0.24	0.83	0.07	
-0.78	0.33	-0.30	0.20	-0.42	0.83	0.59	1.26	0.00	-0.39	0.86	-0.01	
-0.91	0.46	-0.49	0.62	-0.81	0.61	0.44	0.74	-0.48	-0.31	0.81	0.37	
-0.65	0.44	-0.47	0.49	-0.86	0.64	0.49	0.91	-0.39	-0.27	0.83	0.30	
-0.73	0.77	-0.58	0.46	-0.51	0.65	0.51	0.90	-0.36	-0.29	0.89	-0.07	
-0.61	1.16	-0.33	0.37	-0.35	0.70	0.54	0.90	-0.43	-0.13	0.86	0.32	
-0.64	1.19	-0.48	0.32	-0.18	0.93	0.69	0.94	-0.45	-0.21	0.75	0.36	
-1.00	1.05	-0.34	0.26	0.01	1.04	0.81	0.94	-0.49	-0.18	0.88	0.23	
-1.24	1.00	-0.59	0.43	0.07	0.99	0.85	0.94	-0.46	-0.21	0.84	0.20	
-1.11	0.74	-0.68	0.64	-0.17	0.77	0.76	0.98	-0.44	-0.26	0.80	0.31	
-1.42	-0.01	-0.78	0.30	-0.31	0.77	0.68	0.81	-0.38	-0.24	0.81	0.40	
-0.89	-0.34	-0.43	0.54	-0.35	0.71	0.64	0.98	-0.38	-0.32	0.80	0.26	
-0.68	-0.21	-0.24	0.61	-0.39	0.68	0.61	0.99	-0.35	-0.32	0.87	0.32	
-0.53	0.00	-0.24	0.56	-0.63	0.36	0.35	0.91	-0.45	-0.36	0.93	0.11	
-0.81	0.44	-0.21	0.63	-0.55	0.48	0.39	0.92	-0.40	-0.36	0.86	0.21	
-0.94	0.62	0.17	0.86	-0.62	0.48	0.36	0.84	-0.27	-0.25	0.95	0.35	
-1.04	0.31	0.13	0.67	-0.51	0.36	0.33	1.12	-0.38	-0.28	0.69	0.20	
4.99	4.99	4.99	4.99	4.99	4.99	0.50	-2.91	-2.91	-2.58	-2.37	-2.20	
-0.78	0.62	0.16	0.75	-0.39	0.56	1.04	0.97	-0.44	-0.31	1.00	0.21	
-1.71	-0.78	-0.94	-0.46	-1.35	-0.50	2.17	0.34	-1.15	-0.92	-0.13	-0.33	
4.99	4.99	4.99	4.99	4.99	4.99	4.94	4.99	4.99	4.99	4.99	4.99	
-1.14	0.12	-0.11	0.76	-0.49	0.25	-0.27	0.94	-0.34	-0.27	0.77	0.34	
-0.42	0.19	-0.64	1.29	-0.76	0.46	0.19	0.98	-0.37	-0.33	0.81	0.33	
-0.76	-0.58	-1.37	0.94	-0.45	0.53	0.36	0.82	-0.36	-0.53	0.30	0.10	
-0.87	-0.08	-1.10	0.67	-0.28	0.72	0.57	0.97	-0.37	-0.37	0.86	0.41	
-0.35	-0.01	-0.44	0.52	-0.10	0.69	0.56	1.04	-0.35	-0.46	0.80	0.21	
-0.73	0.28	-0.69	0.16	0.04	0.77	0.62	1.13	-0.26	-0.34	0.95	0.16	
4.99	4.99	4.99	4.99	4.99	4.99	3.79	4.99	4.99	4.99	4.99	4.99	
4.99	4.99	4.99	4.99	4.99	4.98	4.14	4.99	4.99	4.99	4.99	4.99	
4.99	4.99	4.99	4.99	4.99	4.99	4.32	4.99	4.99	4.99	4.99	4.99	
-1.23	-0.47	-1.08	0.74	-0.35	-1.46	-1.69	1.07	-0.20	-0.40	0.77	-0.01	
0.12	0.03	-0.21	0.95	-0.11	-1.62	-1.37	0.81	-0.36	-0.20	0.81	0.32	
0.81	0.21	0.81	1.19	0.17	-0.49	-0.64	0.94	-0.34	-0.29	0.87	0.15	
0.26	-0.46	0.94	1.12	-0.12	-0.15	-0.14	1.04	-0.33	-0.28	1.20	0.26	
0.68	0.36	1.22	0.64	0.14	-0.91	-0.65	1.04	-0.35	-0.27	0.88	0.19	
0.19	-0.03	0.32	0.54	-0.16	-1.10	-0.90	0.94	-0.57	-0.28	0.89	0.13	
-0.51	-0.26	-0.40	0.61	-0.21	-1.36	0.93	0.98	-0.32	-0.31	0.71	0.17	
-1.05	-0.60	-1.10	0.72	-0.36	-1.07	-0.15	0.94	-0.25	-0.27	0.86	0.19	
-0.88	-0.11	-1.33	0.86	-0.56	-0.64	-0.30	1.04	-0.37	-0.26	1.26	0.11	
-1.17	0.00	-1.22	0.02	-0.14	0.03	-0.02	1.08	-0.31	-0.31	0.62	0.05	
-1.04	-0.26	-1.14	-0.07	-0.09	0.98	0.63	0.97	-0.36	-0.28	0.87	0.16	
-0.76	-0.13	-1.15	0.03	-0.46	0.66	0.53	0.96	-0.34	-0.27	0.87	0.16	
-0.45	0.12	-0.90	0.25	-0.37	0.79	0.61	0.99	-0.31	-0.24	0.85	0.15	
-0.62	0.20	-0.77	-0.40	-0.17	0.99	0.77	0.98	-0.32	-0.28	0.88	0.18	
-1.32	-0.43	-1.43	0.46	-0.29	-0.70	-0.24	0.95	-0.30	-0.29	0.90	0.19	
-1.29	-0.49	-1.38	0.33	-0.15	-1.10	-0.75	0.97	-0.32	-0.27	0.86	0.19	
-1.04	-0.35	-0.78	0.41	-0.54	-1.33	-0.99	1.01	-0.33	-0.29	0.89	0.14	
-0.14	-0.28	0.03	0.72	-0.22	-1.56	-1.21	1.01	-0.32	-0.29	0.86	0.17	
0.00	0.15	0.66	0.63	0.13	-1.05	-1.01	1.02	-0.31	-0.35	0.68	0.07	
-0.07	0.78	1.15	0.57	0.12	-0.75	-0.76	0.90	-0.21	-0.29	0.82	0.14	
0.22	-0.26	1.01	0.64	0.14	-0.71	-0.67	0.94	-0.32	-0.28	0.84	0.17	
0.00	0.23	0.97	1.02	-0.04	-0.80	-0.76	0.98	-0.32	-0.28	0.83	0.15	
-0.47	-0.01	-0.15	0.82	-0.01	-1.14	-1.00	0.99	-0.32	-0.25	0.90	0.12	
-0.62	-0.56	-1.59	0.41	-0.37	-1.32	-1.11	0.99	-0.33	-0.29	0.85	0.19	
-0.50	-0.29	-1.58	0.71	-0.40	-0.78	-0.79	0.99	-0.34	-0.29	0.84	0.17	
-0.87	0.10	-1.04	0.73	0.00	0.08	-0.24	0.97	-0.32	-0.29	0.86	0.18	
-1.32	0.09	-0.71	-0.17	-0.06	0.81	0.39	1.00	-0.34	-0.29	0.85	0.15	
-1.54	-1.24	-1.36	0.13	-0.47	0.46	0.28	0.99	-0.32	-0.27	0.85	0.16	
-0.23	0.64	-0.73	-0.22	-0.36	0.89	0.56	0.98	-0.30	-0.31	0.81	0.19	
-1.46	-0.46	-0.92	-0.67	-0.12	1.03	0.71	0.99	-0.33	-0.30	0.92	0.15	
-0.80	-0.27	-1.43	0.07	0.06	-0.29	-0.02	0.98	-0.34	-0.28	0.89	0.21	
-1.18	-0.37	-0.79	0.49	-0.16	-1.39	-0.90	0.96	-0.34	-0.34	0.81	0.13	
-0.47	-0.36	-0.08	0.68	-0.31	-1.32	-1.04	0.98	-0.34	-0.25	0.87	0.25	
-0.23	-0.10	0.36	0.84	-0.38	-1.22	-1.01	0.99	-0.33	-0.28	0.88	0.20	
-0.25	0.12	0.83	0.84	-0.18	-0.79	-0.81	0.97	-0.35	-0.25	0.87	0.16	
-0.42	0.01	0.90	0.62	-0.10	-0.75	-0.74	0.98	-0.33	-0.29	0.89	0.17	
0.03	0.17	1.04	1.13	-0.18	-0.78	-0.69	0.99	-0.32	-0.27	0.87	0.19	
-0.02	0.10	0.29	0.92	0.00	-1.41	-1.10	0.98	-0.35	-0.28	0.81	0.17	
-0.78	-0.53	-1.19	0.58	-0.27	-1.33	-1.17	0.99	-0.35	-0.29	0.87	0.19	
-1.51	-1.10	-1.42	0.30	-0.44	-0.73	-0.78	0.97	-0.34	-0.24	0.79	0.18	
-1.29	-0.29	-0.97	0.43	-0.26	0.04	-0.21	0.99	-0.35	-0.30	0.85	0.18	
-1.17	0.04	-0.73	-0.53	0.09	1.03	0.48	0.98	-0.32	-0.29	0.81	0.16	
-0.89	-0.03	-0.83	-0.30	-0.30	0.97	0.62	0.97	-0.33	-0.26	0.88	0.18	
-0.66	0.60	-0.85	-0.50	-0.29	0.80	0.62	0.97	-0.32	-0.26	0.83	0.16	
-1.11	-0.21	-0.80	-0.66	0.03	1.05	0.77	0.99	-0.34	-0.30	0.85	0.18	
-1.24	0.30	-0.73	-0.22	0.32	0.14	0.20	0.98	-0.32	-0.30	0.85	0.19	
-0.97	-0.46	-0.94	1.03	0.05	-1.04	-0.61	0.98	-0.32	-0.29	0.84	0.18	
-0.92	-0.30	-0.32	0.78	-0.21	-1.30	-0.93	0.97	-0.33	-0.29	0.82	0.19	
-0.46	-0.25	0.09	0.77	-0.22	-1.42	-1.17	0.98	-0.35	-0.22	0.91	0.23	
-0.24	-0.34	0.25	0.89	-0.06	-1.01	-0.91	0.97	-0.35	-0.29	0.89	0.20	
-0.21	0.48	1.06	0.68	0.00	-0.70	-0.71	0.98	-0.32	-0.26	0.87	0.19	
-0.38	-0.23	0.80	0.53	0.09	-0.75	-0.75	0.97	-0.35	-0.31	0.87	0.18	
-0.14	0.18	0.97	0.99	-0.12	-1.00	-0.88	0.99	-0.35	-0.28	0.85	0.18	
-0.12	0.36	0.65	1.04	-0.07	-1.16	-0.97	1.00	-0.33	-0.29	0.88	0.21	
-0.32	-0.25	-1.12	0.68	-0.43	-1.32	-1.13	0.98	-0.34	-0.27	0.84	0.19	
-1.10	-1.22	-1.15	-0.38	-0.42	-1.18	-1.02	1.00	-0.34	-0.24	0.90	0.18	
-1.29	-0.24	-1.20	0.34	-0.15	-0.01	-0.25	0.99	-0.34	-0.32	0.77	0.16	
-1.28	-0.18	-0.86	-0.24	0.16	0.88	0.36	0.96	-0.33	-0.30	0.82	0.21	
-1.00	-0.12	-0.82	-0.57	-0.14	1.08	0.66	0.97	-0.33	-0.28	0.83	0.18	
-0.69	0.03	-0.94	-0.14	-0.24	0.72	0.58	1.00	-0.33	-0.34	0.86	0.19	
-0.64	0.05	-0.86	-0.47	-0.22	0.88	0.63	0.98	-0.34	-0.28	0.86	0.18	
-1.19	0.04	-0.65	-0.77	0.05	1.02	0.75	0.95	-0.33	-0.28	0.83	0.20	
-1.10	-0.26	-1.29	0.36	0.11	-0.21	0.03	0.98	-0.33	-0.29	0.85	0.21	
-1.33	-0.38	-0.77	0.66	0.53	-1.04	-0.62	0.99	-0.37	-0.26	0.87	0.21	
-1.06	-0.30	-0.46	1.08	-0.45	-1.29	-1.01	0.98	-0.34	-0.29	0.86	0.20	
-0.35	-0.12	0.06	0.91	-0.29	-1.44	-1.12	1.01	-0.37	-0.30	0.85	0.20	
-0.06	0.21	0.62	0.97	0.01	-0.98	-0.90	0.99	-0.35	-0.27	0.82	0.14	
-0.49	-0.09	0.62	0.65	0.03	-0.62	-0.70	0.96	-0.34	-0.27	0.88	0.19	
-0.18	-0.14	0.73	0.41	0.04	-0.74	-0.73	0.95	-0.32	-0.29	0.87	0.19	
-0.08	0.09	0.96	0.81	-0.08	-0.98	-0.81	0.99	-0.33	-0.27	0.93	0.21	
-0.17	-0.02	0.46	0.91	-0.12	-1.42	-1.14	1.01	-0.36	-0.28	0.82	0.21	
-0.67	-0.34	-0.80	0.95	-0.38	-1.15	-1.10	0.99	-0.35	-0.29	0.86	0.17	
-0.98	-0.49	-0.96	1.17	-0.48	-0.45	-0.58	0.99	-0.32	-0.28	0.86	0.17	
-1.61	1.81	0.44	1.55	-0.55	-0.03	-0.23	0.98	-0.35	-0.31	0.87	0.20	
-1.54	-0.59	-1.17	-0.42	-0.10	0.78	0.29	0.97	-0.34	-0.28	0.84	0.20	
-0.81	-0.03	-1.06	0.06	-0.34	0.76	0.50	0.99	-0.33	-0.25	0.90	0.21	
-0.88	0.13	-0.76	-0.16	-0.15	1.04	0.72	0.96	-0.33	-0.30	0.85	0.17	
-0.76	0.21	-0.78	-0.28	-0.21	1.01	0.70	0.97	-0.33	-0.36	0.72	0.13	
-1.57	-0.24	-1.01	-1.07	0.03	1.00	0.77	0.98	-0.35	-0.26	0.87	0.21	
-1.44	-0.21	-1.19	0.07	0.07	-0.45	-0.09	0.97	-0.33	-0.28	0.85	0.20	
-0.87	-0.50	-0.78	0.85	-0.65	-1.19	-0.78	0.97	-0.34	-0.25	0.88	0.21	
-0.55	-0.31	-0.34	0.97	-0.19	-1.43	-1.08	0.95	-0.32	-0.25	0.86	0.19	
-0.25	0.01	0.20	1.07	0.10	-1.14	-0.96	0.97	-0.33	-0.26	0.84	0.20	
0.11	-0.09	0.79	0.71	-0.12	-0.75	-0.78	0.97	-0.35	-0.27	0.86	0.20	
-0.57	0.07	1.01	0.50	0.01	-0.86	-0.82	0.94	-0.37	-0.29	0.82	0.19	
-0.29	-0.15	0.93	0.30	0.03	-0.92	-0.82	0.99	-0.35	-0.26	0.64	0.27	
-0.07	-0.06	0.80	0.94	-0.09	-1.07	-0.91	0.96	-0.33	-0.25	0.92	0.16	
-0.28	-0.12	0.26	0.79	-0.13	-1.28	-1.12	0.96	-0.33	-0.28	0.85	0.19	
-0.60	-0.35	-0.83	0.63	-0.52	-1.07	-1.00	0.95	-0.33	-0.27	0.90	0.17	
-0.93	-0.59	-1.21	0.45	-0.56	-0.57	-0.62	0.98	-0.34	-0.27	0.85	0.20	
-1.25	-0.04	-0.73	0.57	-0.54	-0.23	-0.42	0.94	-0.34	-0.30	0.92	0.21	
-1.17	-0.10	-0.93	-0.30	0.30	0.89	0.43	0.99	-0.34	-0.26	0.99	0.26	
-0.82	0.08	-1.05	-0.44	-0.28	0.86	0.57	1.04	-0.36	-0.32	0.81	0.16	
-0.44	0.18	-1.03	-0.60	-0.19	0.87	0.57	0.96	-0.37	-0.28	0.86	0.17	
-0.77	0.08	-0.94	-0.73	0.15	1.03	0.74	0.97	-0.33	-0.27	0.85	0.20	
-1.46	-0.11	-1.31	-0.43	0.40	0.57	0.54	0.97	-0.38	-0.29	0.86	0.19	
-1.52	0.39	-0.83	0.54	0.10	-0.62	-0.28	1.00	-0.38	-0.30	0.80	0.21	
-0.65	-0.21	-0.60	1.47	0.17	-1.08	-0.78	0.97	-0.33	-0.28	0.85	0.22	
-0.09	-0.21	0.25	1.11	-0.30	-1.31	-0.99	0.98	-0.39	-0.26	0.90	0.22	
-0.43	0.30	0.93	0.74	0.05	-1.20	-1.04	0.98	-0.35	-0.27	0.86	0.20	
-0.54	-0.43	0.98	0.83	0.33	-0.71	-0.78	0.97	-0.33	-0.27	0.85	0.19	
-0.56	0.18	0.95	0.48	0.13	-0.88	-0.83	0.96	-0.34	-0.28	0.85	0.21	
-0.60	-0.01	0.86	0.43	0.00	-0.86	-0.78	0.98	-0.34	-0.27	0.85	0.21	
-0.13	-0.02	0.94	1.00	-0.12	-0.91	-0.82	0.95	-0.33	-0.26	0.87	0.20	
-0.23	0.01	0.00	1.35	-0.04	-1.19	-1.06	0.96	-0.33	-0.29	0.87	0.21	
-0.62	-0.45	-0.90	0.63	-0.73	-1.14	-1.03	0.97	-0.34	-0.27	0.83	0.19	
-0.93	0.00	-1.05	0.70	-0.58	-0.61	-0.65	0.95	-0.32	-0.29	0.85	0.21	
-1.09	-0.19	-1.14	0.26	-0.23	0.00	-0.26	0.99	-0.34	-0.28	0.84	0.19	
-1.00	-0.15	-0.94	-0.29	-0.16	0.62	0.25	0.96	-0.33	-0.29	0.83	0.16	
-0.76	0.13	-0.96	-0.59	-0.16	1.16	0.74	0.93	-0.37	-0.27	0.84	0.17	
-0.76	0.05	-0.87	-0.30	-0.08	1.05	0.72	1.01	-0.37	-0.31	0.85	0.20	
-0.99	-0.03	-0.93	-0.31	0.36	0.95	0.72	1.01	-0.37	-0.28	0.88	0.21	
-1.04	-0.14	-1.25	-0.30	0.01	0.82	0.70	0.96	-0.31	-0.26	0.85	0.20	
-1.09	-0.15	-1.21	0.34	-0.14	0.35	0.36	0.94	-0.29	-0.28	0.86	0.20	
-0.84	-0.47	-1.10	0.65	-0.21	-0.02	0.04	0.97	-0.34	-0.28	0.83	0.20	
-0.49	-0.39	-0.43	0.58	-0.11	-1.16	-0.70	1.00	-0.33	-0.27	0.86	0.21	
-0.19	-0.18	0.36	0.55	0.08	-1.55	-1.13	0.96	-0.31	-0.31	0.83	0.23	
-0.26	0.10	1.66	0.83	0.08	-1.19	-1.07	0.98	-0.35	-0.30	0.85	0.22	
-0.12	0.04	1.18	0.51	0.00	-1.01	-0.92	0.97	-0.35	-0.28	0.87	0.20	
-0.15	-0.09	0.92	0.40	0.21	-0.99	-0.88	0.97	-0.37	-0.30	0.89	0.23	
-0.14	-0.07	0.62	0.44	-0.08	-1.42	-1.16	0.98	-0.34	-0.27	0.89	0.28	
-0.19	-0.24	-0.52	0.84	-0.04	-1.45	-1.28	0.98	-0.33	-0.29	0.74	0.17	
-0.93	-0.49	-1.23	1.08	-0.27	-0.98	-0.94	0.96	-0.34	-0.28	0.89	0.20	
-1.03	-0.11	-1.26	-0.06	-0.10	-0.05	-0.34	0.98	-0.35	-0.30	0.85	0.21	
-0.88	0.01	-1.15	-0.52	0.16	0.60	0.18	0.94	-0.34	-0.28	0.85	0.20	
-0.91	-0.23	-1.07	-0.43	-0.18	0.78	0.47	0.89	-0.41	-0.26	0.85	0.19	
-0.55	-0.09	-1.04	-0.49	-0.03	1.03	0.65	0.92	-0.28	-0.27	0.79	0.18	
-0.38	0.07	-1.09	-0.42	-0.07	0.98	0.70	0.98	-0.36	-0.26	0.86	0.20	
-0.61	-0.06	-1.06	-0.41	-0.02	0.94	0.76	0.97	-0.33	-0.26	0.86	0.19	
-1.34	-0.22	-1.09	-0.08	-0.19	0.44	0.43	0.95	-0.32	-0.31	0.79	0.22	
-1.55	-0.50	-1.15	0.35	0.34	-0.11	-0.03	0.94	-0.35	-0.27	0.83	0.20	
-1.14	-0.04	-1.12	0.21	0.38	-1.04	-0.63	0.97	-0.34	-0.26	0.85	0.20	
-1.01	-0.53	-0.71	0.31	0.15	-1.70	-1.21	0.97	-0.34	-0.29	0.90	0.19	
-0.36	-0.06	0.20	0.86	0.20	-1.32	-1.15	0.94	-0.32	-0.26	0.92	0.21	
0.14	0.13	0.76	0.85	0.13	-0.67	-0.71	0.99	-0.33	-0.26	0.87	0.21	
0.09	-0.38	1.03	0.34	0.45	-0.68	-0.63	0.98	-0.34	-0.27	0.84	0.20	
-0.21	-0.45	0.68	0.47	0.21	-0.79	-0.74	0.97	-0.36	-0.28	0.88	0.24	
-0.13	-0.25	0.70	0.92	0.24	-1.11	-0.99	0.97	-0.35	-0.26	0.80	0.21	
-0.06	-0.06	0.33	0.69	0.09	-1.32	-1.06	0.96	-0.30	-0.31	0.75	0.22	
-0.69	-0.01	-0.66	0.89	-0.24	-1.23	-1.05	0.98	-0.35	-0.29	0.84	0.19	
-0.50	-0.27	-1.48	0.81	-0.51	-0.65	-0.77	0.97	-0.33	-0.26	0.84	0.20	
-1.35	0.13	-1.02	-0.03	0.04	0.41	0.01	0.97	-0.36	-0.28	0.84	0.19	
-1.20	-0.14	-1.11	-0.22	0.02	0.62	0.31	0.95	-0.35	-0.25	0.88	0.20	
-1.05	0.01	-0.84	-0.43	-0.25	0.83	0.49	1.00	-0.37	-0.23	0.88	0.17	
-0.75	0.04	-0.95	-0.42	-0.23	0.95	0.63	0.98	-0.35	-0.27	0.88	0.18	
-0.83	0.10	-0.86	-0.37	-0.23	0.96	0.75	0.98	-0.34	-0.27	0.88	0.19	
-1.13	-0.14	-1.08	-0.47	0.21	0.80	0.66	0.95	-0.32	-0.27	0.90	0.20	
-1.39	-0.15	-1.31	0.82	0.13	-0.57	-0.25	0.98	-0.35	-0.29	0.90	0.21	
-1.25	-0.34	-1.26	0.61	0.24	-1.22	-0.79	1.00	-0.40	-0.28	0.83	0.18	
-0.64	-0.11	-0.87	0.97	0.21	-1.36	-1.03	0.98	-0.33	-0.29	0.87	0.20	
0.16	0.28	0.20	1.15	0.27	-1.08	-0.99	0.97	-0.33	-0.28	0.87	0.19	
0.60	0.34	1.29	0.78	0.16	-0.72	-0.74	0.96	-0.34	-0.22	1.04	0.27	
0.03	-0.14	0.93	0.64	0.11	-0.76	-0.69	0.96	-0.35	-0.21	1.07	0.23	
-0.19	0.08	0.86	0.33	0.11	-1.01	-0.85	0.97	-0.34	-0.30	0.83	0.19	
-0.22	-0.08	0.67	0.72	0.26	-1.14	-1.02	0.97	-0.33	-0.25	0.83	0.19	
-0.62	-0.10	-0.15	0.73	0.05	-1.38	-1.19	0.98	-0.34	-0.26	0.87	0.22	
-0.36	-0.12	-1.19	0.58	-0.48	-1.23	-1.07	0.99	-0.34	-0.28	0.85	0.20	
-1.51	-1.36	-2.12	0.69	-0.46	-0.78	-0.86	1.04	-0.42	-0.27	0.84	0.20	
-1.12	-0.24	-1.18	1.31	0.07	0.00	-0.28	0.99	-0.33	-0.25	0.87	0.21	
-1.13	-0.09	-0.76	0.26	-0.30	0.75	0.35	1.02	-0.31	-0.28	0.87	0.19	
-0.97	0.03	-0.92	-0.25	-0.25	0.92	0.55	0.98	-0.36	-0.26	0.87	0.21	
-0.62	-0.01	-0.90	-0.23	-0.37	1.03	0.67	1.00	-0.33	-0.25	0.86	0.18	
-0.59	0.07	-0.87	-0.06	-0.09	0.99	0.78	0.97	-0.33	-0.26	0.86	0.19	
-1.01	-0.07	-0.73	-0.06	-0.14	0.77	0.65	1.01	-0.36	-0.27	0.86	0.20	
-1.22	-0.57	-0.98	0.20	0.10	0.00	0.08	0.99	-0.33	-0.32	0.67	0.16	
-1.03	-0.24	-1.09	0.41	-0.48	-0.92	-0.58	0.95	-0.34	-0.25	0.94	0.20	
-0.81	-0.21	-0.91	0.94	-0.41	-1.32	-0.93	0.95	-0.32	-0.31	0.84	0.21	
-0.62	0.25	-0.34	0.52	-0.38	-1.44	-1.21	0.97	-0.34	-0.28	0.84	0.19	
-0.71	0.08	0.04	1.00	0.41	-1.09	-0.98	0.97	-0.33	-0.26	0.88	0.21	
-0.30	0.20	0.62	0.68	0.26	-0.90	-0.81	0.95	-0.32	-0.27	0.86	0.19	
0.24	0.08	1.54	0.69	0.40	-0.63	-0.68	0.98	-0.33	-0.28	0.85	0.18	
-0.17	0.21	1.07	0.46	0.21	-0.80	-0.79	0.97	-0.34	-0.22	0.89	0.23	
-0.14	0.61	0.93	0.72	0.01	-1.17	-1.01	0.98	-0.33	-0.29	0.83	0.19	
0.02	0.02	-0.54	0.91	-0.06	-1.66	-1.31	0.99	-0.33	-0.28	0.85	0.18	
-0.73	-0.23	-1.25	1.05	-0.29	-1.13	-1.08	0.98	-0.35	-0.28	0.86	0.21	
-1.12	-0.46	-1.21	0.53	-0.16	-0.28	-0.55	0.99	-0.33	-0.28	0.85	0.19	
-1.33	-0.06	-1.06	0.49	-0.97	-0.04	-0.20	0.98	-0.34	-0.27	0.86	0.19	
-0.60	0.39	-0.75	0.26	-0.22	0.37	0.07	0.97	-0.34	-0.27	0.84	0.18	
-0.27	0.52	-0.51	0.20	-0.32	0.98	0.53	0.98	-0.34	-0.25	0.87	0.19	
-0.98	-0.14	-0.68	-0.11	-0.16	1.28	0.89	0.98	-0.34	-0.40	0.63	0.12	
-1.42	-0.33	-0.91	-0.36	-0.26	0.69	0.62	1.00	-0.34	-0.35	0.62	0.17	
-1.36	-0.41	-1.29	0.03	0.02	-0.36	-0.14	0.99	-0.33	-0.22	0.91	0.21	
-1.05	-0.60	-1.30	0.36	0.10	-1.72	-1.12	0.99	-0.36	-0.25	0.87	0.21	
-0.83	-0.31	-0.51	0.47	-0.21	-1.66	-1.26	0.99	-0.33	-0.27	0.86	0.20	
-0.30	0.17	0.29	1.11	-0.07	-1.31	-1.18	0.99	-0.34	-0.27	0.88	0.19	
-0.18	0.17	0.89	0.89	-0.03	-0.65	-0.73	0.96	-0.35	-0.25	0.86	0.17	
-0.05	0.05	0.89	0.41	0.07	-0.71	-0.68	0.98	-0.34	-0.30	0.81	0.21	
-0.57	-0.39	0.50	0.29	-0.05	-0.99	-0.86	1.00	-0.33	-0.21	0.80	0.06	
-0.44	0.02	0.37	0.54	0.19	-0.84	-0.84	0.97	-0.32	-0.30	0.86	0.14	
-0.65	0.09	0.19	0.98	0.30	-0.98	-0.87	0.98	-0.32	-0.27	0.84	0.18	
-1.16	-0.25	0.59	0.81	-0.20	0.05	-0.21	0.97	-0.31	-0.27	0.82	0.17	
-1.11	-0.55	0.73	0.42	-0.38	0.54	0.18	0.98	-0.33	-0.29	0.86	0.18	
-0.74	-0.73	0.85	0.22	0.00	0.74	0.39	0.98	-0.24	-0.28	0.87	0.19	
-0.83	-0.39	0.85	0.23	-0.12	0.77	0.52	0.87	-0.39	-0.28	0.86	0.21	
-0.30	-0.27	1.00	0.56	0.08	0.73	0.58	0.93	-0.29	-0.29	0.73	0.16	
-0.70	-0.03	1.01	0.66	-0.44	0.42	0.37	0.98	-0.32	-0.28	0.86	0.13	
-0.66	0.45	1.04	1.18	0.05	0.56	0.41	0.99	-0.19	-0.38	0.89	0.14	
-0.85	0.27	0.36	0.44	-0.25	0.22	0.20	0.95	-0.42	-0.35	0.89	0.11	
-0.64	-0.09	0.26	1.03	-0.22	0.47	0.36	0.87	-0.17	-0.32	0.85	0.10	
-1.04	-0.29	0.33	0.81	-0.21	0.53	0.43	0.99	-0.51	-0.33	0.86	0.14	
-1.20	-0.21	0.39	0.89	-0.01	0.48	0.35	0.90	-0.46	-0.41	0.82	0.16	
-1.04	-0.06	0.45	1.03	-0.02	0.42	0.28	0.79	-0.51	-0.43	0.83	0.15	
-1.24	0.25	0.48	0.91	0.21	0.39	0.33	1.01	-0.10	-0.43	0.73	0.21	
-1.08	0.02	0.18	0.64	0.21	0.41	0.34	0.85	-0.34	-0.45	0.99	0.50	
-1.10	0.46	0.25	0.49	0.57	0.53	0.39	0.89	-0.40	-0.39	0.66	0.34	
-1.07	0.23	-0.07	0.79	0.74	0.51	0.36	0.95	-0.45	-0.35	0.82	0.37	
-1.04	0.38	0.11	0.76	0.61	0.57	0.43	0.98	-0.50	-0.46	0.71	0.29	
-0.85	0.32	0.40	0.70	0.23	0.64	0.53	0.91	-0.44	-0.47	0.71	0.36	
-0.97	0.31	0.26	0.69	0.31	0.56	0.48	0.89	-0.43	-0.44	0.60	0.33	
-1.04	0.23	0.40	0.60	0.30	0.62	0.48	0.89	-0.45	-0.42	0.71	0.37	
-1.13	0.16	0.10	0.62	0.23	0.62	0.46	0.92	-0.45	-0.41	0.76	0.35	
-1.05	0.13	0.19	0.69	0.24	0.56	0.46	0.90	-0.43	-0.35	0.74	0.38	
-1.01	0.16	0.13	0.68	0.29	0.60	0.52	0.94	-0.45	-0.38	0.75	0.36	
-1.05	0.18	0.13	0.71	0.26	0.59	0.49	0.94	-0.46	-0.39	0.70	0.45	
-1.05	0.16	0.12	0.76	0.21	0.57	0.43	0.92	-0.46	-0.39	0.72	0.35	
-1.04	0.17	0.16	0.71	0.23	0.57	0.45	0.91	-0.44	-0.37	0.75	0.36	
-1.08	0.14	0.15	0.74	0.23	0.56	0.47	0.94	-0.45	-0.38	0.74	0.38	
-1.05	0.16	0.17	0.73	0.24	0.56	0.48	0.93	-0.44	-0.37	0.74	0.36	
-1.07	0.16	0.18	0.71	0.24	0.58	0.46	0.91	-0.45	-0.38	0.73	0.39	
-1.08	0.16	0.19	0.70	0.34	0.59	0.45	0.92	-0.44	-0.37	0.70	0.40	
-1.04	0.15	0.14	0.78	0.24	0.52	0.43	0.91	-0.43	-0.38	0.75	0.39	
-1.05	0.18	0.16	0.76	0.22	0.56	0.48	0.91	-0.42	-0.38	0.74	0.37	
-1.07	0.15	0.13	0.77	0.23	0.56	0.47	0.90	-0.45	-0.39	0.72	0.36	
-1.05	0.15	0.14	0.76	0.23	0.55	0.42	0.91	-0.44	-0.39	0.73	0.34	
-1.05	0.17	0.15	0.80	0.25	0.54	0.41	0.92	-0.44	-0.39	0.72	0.35	
-1.06	0.17	0.16	0.79	0.26	0.52	0.45	0.91	-0.45	-0.38	0.74	0.36	
-1.06	0.16	0.14	0.80	0.24	0.52	0.45	0.93	-0.46	-0.39	0.74	0.39	
-1.06	0.16	0.15	0.74	0.23	0.56	0.44	0.92	-0.45	-0.38	0.73	0.37	
-1.07	0.16	0.14	0.73	0.21	0.57	0.41	0.93	-0.44	-0.38	0.73	0.36	
-1.05	0.17	0.14	0.74	0.14	0.57	0.45	0.92	-0.45	-0.38	0.72	0.37	
-1.04	0.16	0.14	0.79	0.23	0.54	0.47	0.93	-0.43	-0.39	0.73	0.38	
-1.04	0.18	0.13	0.77	0.24	0.55	0.45	0.92	-0.44	-0.40	0.72	0.34	
-1.06	0.15	0.13	0.69	0.23	0.58	0.42	0.92	-0.44	-0.38	0.72	0.36	
-1.04	0.16	0.11	0.74	0.23	0.55	0.42	0.91	-0.45	-0.39	0.72	0.37	
-1.06	0.16	0.13	0.78	0.29	0.53	0.46	0.93	-0.44	-0.39	0.74	0.39	
-1.05	0.15	0.14	0.75	0.25	0.57	0.48	0.91	-0.44	-0.38	0.74	0.37	
-1.06	0.15	0.14	0.71	0.25	0.56	0.44	0.91	-0.44	-0.40	0.74	0.36	
-1.05	0.14	0.13	0.73	0.23	0.57	0.42	0.91	-0.44	-0.38	0.73	0.37	
-1.06	0.17	0.14	0.70	0.29	0.56	0.46	0.94	-0.45	-0.37	0.72	0.37	
-1.06	0.16	0.13	0.78	0.22	0.55	0.49	0.93	-0.45	-0.39	0.72	0.38	
-1