-0.67	0.84	-0.19	0.76	0.38	0.44	0.30	0.95	-0.40	-0.17	0.86	0.24	
-0.66	0.84	-0.18	0.79	0.36	0.42	0.23	0.96	-0.38	-0.16	0.88	0.25	
-0.65	0.83	-0.20	0.86	0.34	0.43	0.36	0.96	-0.40	-0.17	0.87	0.24	
-0.65	0.83	-0.20	0.80	0.35	0.46	0.47	0.96	-0.39	-0.16	0.87	0.25	
-0.64	0.84	-0.19	0.77	0.37	0.44	0.39	0.94	-0.39	-0.18	0.86	0.24	
-0.65	0.83	-0.19	0.80	0.37	0.43	0.25	0.94	-0.40	-0.15	0.84	0.24	
-0.64	0.83	-0.20	0.79	0.36	0.44	0.27	0.95	-0.40	-0.17	0.86	0.24	
-0.66	0.84	-0.21	0.80	0.37	0.43	0.41	0.97	-0.39	-0.17	0.87	0.25	
-0.65	0.84	-0.19	0.80	0.37	0.44	0.47	0.95	-0.41	-0.18	0.85	0.25	
-0.67	0.84	-0.18	0.79	0.36	0.43	0.35	0.96	-0.39	-0.17	0.86	0.25	
-0.66	0.82	-0.19	0.79	0.36	0.44	0.23	0.94	-0.39	-0.17	0.87	0.25	
-0.66	0.83	-0.19	0.80	0.37	0.45	0.31	0.94	-0.39	-0.17	0.86	0.24	
-0.65	0.83	-0.19	0.79	0.35	0.44	0.45	0.96	-0.40	-0.17	0.88	0.25	
-0.64	0.84	-0.19	0.81	0.35	0.43	0.43	0.96	-0.38	-0.17	0.88	0.25	
-0.65	0.83	-0.19	0.77	0.37	0.43	0.29	0.96	-0.41	-0.17	0.86	0.23	
-0.66	0.82	-0.19	0.79	0.36	0.44	0.24	0.94	-0.40	-0.17	0.87	0.25	
-0.65	0.84	-0.18	0.79	0.36	0.45	0.37	0.96	-0.39	-0.16	0.87	0.24	
-0.66	0.83	-0.18	0.82	0.36	0.43	0.48	0.95	-0.39	-0.15	0.87	0.26	
-0.65	0.83	-0.20	0.79	0.38	0.44	0.40	0.95	-0.39	-0.16	0.88	0.24	
-0.65	0.81	-0.20	0.77	0.40	0.45	0.26	0.95	-0.40	-0.16	0.86	0.23	
-0.65	0.81	-0.19	0.76	0.37	0.45	0.28	0.96	-0.41	-0.16	0.86	0.24	
-0.64	0.83	-0.18	0.79	0.38	0.44	0.42	0.95	-0.38	-0.16	0.87	0.24	
-0.64	0.83	-0.21	0.79	0.38	0.46	0.48	0.94	-0.38	-0.18	0.87	0.25	
-0.66	0.82	-0.19	0.77	0.37	0.42	0.34	0.94	-0.40	-0.16	0.87	0.25	
-0.65	0.82	-0.20	0.79	0.36	0.43	0.22	0.95	-0.39	-0.17	0.86	0.24	
-0.65	0.83	-0.20	0.80	0.35	0.44	0.32	0.95	-0.38	-0.16	0.88	0.24	
-0.65	0.83	-0.21	0.77	0.38	0.43	0.46	0.95	-0.41	-0.18	0.86	0.24	
-0.64	0.83	-0.19	0.78	0.37	0.45	0.44	0.95	-0.38	-0.16	0.87	0.24	
-0.67	0.84	-0.20	0.79	0.36	0.44	0.30	0.95	-0.40	-0.17	0.87	0.25	
-0.66	0.82	-0.20	0.78	0.37	0.44	0.24	0.94	-0.42	-0.17	0.86	0.23	
-0.66	0.83	-0.19	0.76	0.36	0.46	0.37	0.94	-0.39	-0.16	0.87	0.23	
-0.65	0.82	-0.19	0.80	0.38	0.44	0.48	0.95	-0.38	-0.16	0.87	0.27	
-0.66	0.84	-0.20	0.79	0.37	0.46	0.40	0.96	-0.39	-0.16	0.86	0.24	
-0.66	0.81	-0.19	0.77	0.37	0.44	0.26	0.93	-0.39	-0.16	0.87	0.24	
-0.66	0.81	-0.19	0.79	0.36	0.45	0.28	0.95	-0.39	-0.17	0.86	0.23	
-0.65	0.84	-0.19	0.79	0.37	0.45	0.43	0.96	-0.38	-0.17	0.86	0.25	
-0.65	0.84	-0.19	0.79	0.36	0.44	0.48	0.95	-0.39	-0.18	0.85	0.23	
-0.66	0.84	-0.21	0.80	0.36	0.45	0.36	0.94	-0.40	-0.17	0.86	0.25	
-0.66	0.83	-0.19	0.78	0.37	0.44	0.25	0.95	-0.39	-0.16	0.87	0.26	
-0.65	0.83	-0.18	0.79	0.37	0.45	0.33	0.95	-0.39	-0.17	0.86	0.25	
-0.65	0.84	-0.20	0.77	0.37	0.44	0.46	0.94	-0.39	-0.16	0.87	0.25	
-0.66	0.84	-0.20	0.78	0.37	0.45	0.45	0.95	-0.39	-0.17	0.87	0.25	
-0.65	0.84	-0.20	0.79	0.36	0.46	0.30	0.95	-0.39	-0.16	0.86	0.25	
-0.66	0.82	-0.20	0.79	0.37	0.44	0.23	0.96	-0.41	-0.17	0.86	0.24	
-0.66	0.83	-0.19	0.80	0.38	0.45	0.37	0.94	-0.39	-0.16	0.86	0.25	
-0.64	0.84	-0.19	0.79	0.37	0.45	0.48	0.95	-0.39	-0.18	0.87	0.24	
-0.66	0.83	-0.21	0.78	0.37	0.45	0.41	0.95	-0.40	-0.17	0.87	0.24	
-0.66	0.83	-0.20	0.78	0.35	0.44	0.25	0.93	-0.40	-0.17	0.86	0.24	
-0.66	0.83	-0.19	0.78	0.37	0.44	0.28	0.95	-0.40	-0.18	0.88	0.24	
-0.66	0.83	-0.20	0.78	0.37	0.45	0.42	0.95	-0.39	-0.16	0.87	0.25	
-0.65	0.83	-0.19	0.79	0.37	0.43	0.48	0.95	-0.39	-0.16	0.86	0.26	
-0.64	0.83	-0.19	0.78	0.35	0.46	0.36	0.95	-0.42	-0.16	0.86	0.24	
-0.69	0.82	-0.18	0.79	0.36	0.45	0.23	0.94	-0.40	-0.18	0.85	0.24	
-0.71	0.85	-0.17	0.81	0.36	0.45	0.32	0.95	-0.38	-0.15	0.87	0.24	
-0.75	0.80	-0.14	0.75	0.39	0.44	0.45	0.96	-0.39	-0.17	0.87	0.23	
-0.68	0.71	-0.16	0.76	0.40	0.49	0.46	0.93	-0.40	-0.16	0.87	0.25	
-0.83	0.76	-0.14	0.77	0.40	0.47	0.32	0.93	-0.42	-0.15	0.87	0.26	
-1.15	0.62	0.12	0.77	0.37	0.45	0.25	0.95	-0.40	-0.17	0.87	0.25	
-1.03	0.49	0.20	0.76	0.40	0.46	0.38	0.94	-0.41	-0.15	0.88	0.26	
-0.97	0.32	0.15	0.76	0.38	0.45	0.48	0.96	-0.38	-0.16	0.86	0.24	
-0.77	0.20	0.09	0.74	0.40	0.45	0.40	0.94	-0.40	-0.15	0.86	0.23	
-0.98	0.08	-0.02	0.77	0.37	0.45	0.26	0.93	-0.37	-0.17	0.85	0.23	
-1.02	0.25	0.19	0.77	0.41	0.46	0.30	0.92	-0.37	-0.15	0.86	0.24	
-0.89	0.30	0.34	0.69	0.33	0.44	0.43	0.96	-0.40	-0.15	0.88	0.24	
-0.86	0.07	0.47	0.77	0.46	0.44	0.46	0.95	-0.38	-0.14	0.87	0.23	
-0.95	-0.01	0.38	0.80	0.46	0.46	0.34	0.92	-0.41	-0.16	0.85	0.23	
-1.13	0.32	0.50	0.79	0.34	0.41	0.21	0.94	-0.42	-0.15	0.88	0.24	
-0.96	-0.03	0.41	0.78	0.42	0.44	0.34	0.94	-0.40	-0.16	0.87	0.26	
-0.97	0.04	0.54	0.79	0.40	0.45	0.48	0.95	-0.40	-0.15	0.85	0.24	
-0.86	-0.05	0.40	0.76	0.38	0.46	0.44	0.96	-0.41	-0.16	0.87	0.25	
-0.96	-0.04	0.39	0.75	0.39	0.46	0.30	0.95	-0.42	-0.17	0.85	0.24	
-0.98	-0.01	0.42	0.76	0.38	0.46	0.27	0.96	-0.40	-0.16	0.87	0.23	
-0.98	0.01	0.37	0.76	0.37	0.48	0.42	0.94	-0.41	-0.17	0.87	0.24	
-0.96	0.02	0.40	0.77	0.38	0.46	0.49	0.95	-0.40	-0.14	0.88	0.24	
-0.96	0.04	0.38	0.76	0.38	0.46	0.38	0.94	-0.40	-0.15	0.87	0.23	
-1.02	0.02	0.38	0.76	0.38	0.46	0.26	0.94	-0.40	-0.17	0.87	0.23	
-0.98	0.00	0.38	0.76	0.37	0.45	0.31	0.96	-0.40	-0.16	0.87	0.24	
-0.97	0.02	0.39	0.75	0.38	0.45	0.45	0.95	-0.39	-0.16	0.87	0.25	
-0.99	0.02	0.37	0.77	0.37	0.46	0.48	0.95	-0.40	-0.16	0.87	0.22	
-0.97	0.03	0.38	0.76	0.39	0.45	0.33	0.95	-0.41	-0.17	0.87	0.24	
-0.97	0.03	0.35	0.75	0.38	0.46	0.24	0.93	-0.43	-0.15	0.86	0.22	
-0.97	0.01	0.37	0.76	0.38	0.46	0.37	0.95	-0.39	-0.15	0.87	0.24	
-0.98	0.03	0.38	0.76	0.37	0.48	0.49	0.95	-0.40	-0.15	0.88	0.24	
-0.98	0.02	0.38	0.77	0.39	0.46	0.43	0.95	-0.40	-0.17	0.87	0.24	
-1.00	0.03	0.38	0.76	0.38	0.46	0.28	0.93	-0.39	-0.16	0.86	0.24	
-1.00	0.01	0.37	0.76	0.38	0.46	0.28	0.94	-0.42	-0.15	0.87	0.25	
-0.98	0.03	0.36	0.77	0.37	0.46	0.42	0.94	-0.40	-0.14	0.89	0.25	
-0.96	0.04	0.37	0.79	0.38	0.47	0.49	0.94	-0.40	-0.14	0.88	0.24	
-1.01	0.01	0.37	0.79	0.39	0.45	0.38	0.95	-0.40	-0.16	0.87	0.25	
-0.95	0.04	0.35	0.77	0.37	0.44	0.24	0.94	-0.41	-0.16	0.86	0.24	
-1.01	0.00	0.37	0.78	0.38	0.46	0.32	0.96	-0.39	-0.15	0.87	0.24	
-0.96	0.02	0.35	0.78	0.37	0.47	0.47	0.95	-0.39	-0.17	0.86	0.25	
-0.99	0.02	0.35	0.76	0.39	0.46	0.46	0.95	-0.39	-0.16	0.88	0.24	
-0.98	0.01	0.36	0.77	0.38	0.46	0.32	0.96	-0.40	-0.16	0.87	0.24	
-1.00	-0.01	0.35	0.76	0.38	0.45	0.26	0.95	-0.40	-0.16	0.86	0.24	
-0.98	0.02	0.37	0.77	0.39	0.45	0.39	0.95	-0.41	-0.15	0.87	0.25	
-0.98	0.02	0.35	0.76	0.38	0.47	0.50	0.95	-0.39	-0.15	0.86	0.25	
-0.97	0.01	0.35	0.75	0.39	0.47	0.42	0.96	-0.40	-0.16	0.87	0.23	
-0.98	0.01	0.35	0.78	0.36	0.45	0.28	0.94	-0.40	-0.16	0.88	0.24	
-1.01	0.01	0.35	0.76	0.45	0.43	0.28	0.95	-0.38	-0.16	0.87	0.24	
-1.00	0.01	0.34	0.79	0.35	0.47	0.44	0.95	-0.41	-0.14	0.87	0.25	
-0.99	0.03	0.37	0.78	0.37	0.46	0.49	0.93	-0.39	-0.15	0.87	0.24	
-1.02	-0.01	0.34	0.76	0.37	0.46	0.36	0.95	-0.40	-0.15	0.85	0.25	
-1.00	-0.01	0.36	0.76	0.36	0.47	0.25	0.94	-0.39	-0.16	0.87	0.23	
-1.00	0.00	0.37	0.77	0.38	0.47	0.35	0.95	-0.38	-0.16	0.87	0.25	
-0.99	0.02	0.37	0.78	0.38	0.47	0.47	0.96	-0.39	-0.14	0.87	0.25	
-0.99	0.01	0.34	0.76	0.38	0.46	0.45	0.96	-0.39	-0.14	0.86	0.24	
-1.00	0.01	0.35	0.77	0.36	0.46	0.31	0.95	-0.39	-0.15	0.87	0.22	
-0.99	0.00	0.35	0.76	0.35	0.46	0.27	0.95	-0.38	-0.14	0.86	0.24	
-0.99	0.00	0.35	0.76	0.37	0.45	0.39	0.94	-0.38	-0.15	0.88	0.23	
-1.01	0.01	0.36	0.78	0.38	0.45	0.49	0.96	-0.39	-0.14	0.88	0.25	
-0.98	0.01	0.34	0.77	0.37	0.45	0.41	0.94	-0.38	-0.16	0.87	0.25	
-0.97	0.01	0.33	0.76	0.36	0.48	0.29	0.95	-0.40	-0.16	0.85	0.26	
-1.00	0.00	0.31	0.75	0.36	0.46	0.31	0.94	-0.39	-0.15	0.87	0.24	
-0.97	0.03	0.34	0.77	0.37	0.46	0.45	0.95	-0.39	-0.16	0.88	0.25	
-1.01	0.00	0.35	0.77	0.38	0.46	0.49	0.94	-0.41	-0.16	0.87	0.24	
-0.99	-0.01	0.34	0.75	0.37	0.47	0.36	0.94	-0.41	-0.15	0.87	0.23	
-1.02	-0.01	0.33	0.77	0.36	0.46	0.25	0.94	-0.41	-0.15	0.86	0.25	
-0.99	0.00	0.34	0.77	0.37	0.46	0.36	0.96	-0.41	-0.15	0.86	0.25	
-1.00	-0.02	0.32	0.75	0.38	0.46	0.48	0.93	-0.40	-0.16	0.88	0.24	
-1.00	0.00	0.36	0.76	0.38	0.46	0.45	0.95	-0.42	-0.16	0.86	0.23	
-0.99	0.02	0.33	0.76	0.37	0.47	0.30	0.96	-0.41	-0.15	0.87	0.23	
-1.01	0.01	0.33	0.77	0.38	0.46	0.28	0.96	-0.39	-0.16	0.87	0.23	
-1.01	0.01	0.32	0.75	0.37	0.45	0.41	0.95	-0.40	-0.15	0.88	0.24	
-0.98	0.01	0.36	0.76	0.37	0.47	0.50	0.96	-0.42	-0.15	0.88	0.24	
-1.01	-0.02	0.32	0.76	0.37	0.46	0.39	0.95	-0.40	-0.16	0.85	0.25	
-1.00	0.01	0.33	0.77	0.37	0.46	0.26	0.95	-0.41	-0.15	0.87	0.24	
-0.99	-0.01	0.34	0.78	0.35	0.45	0.32	0.94	-0.39	-0.14	0.86	0.25	
-0.98	0.01	0.35	0.79	0.35	0.47	0.46	0.94	-0.39	-0.16	0.87	0.23	
-1.00	-0.01	0.34	0.78	0.36	0.46	0.47	0.95	-0.39	-0.15	0.87	0.24	
-1.00	-0.01	0.33	0.76	0.36	0.46	0.32	0.94	-0.40	-0.15	0.87	0.25	
-1.02	-0.02	0.33	0.76	0.36	0.47	0.26	0.94	-0.39	-0.15	0.86	0.23	
-1.01	0.01	0.34	0.81	0.38	0.45	0.37	0.94	-0.41	-0.16	0.87	0.25	
-0.98	0.02	0.34	0.76	0.37	0.47	0.50	0.95	-0.39	-0.15	0.87	0.25	
-1.00	0.00	0.35	0.77	0.36	0.46	0.42	0.94	-0.41	-0.15	0.87	0.23	
-0.98	0.00	0.32	0.75	0.37	0.45	0.28	0.95	-0.41	-0.16	0.86	0.22	
-0.99	0.00	0.34	0.75	0.37	0.46	0.29	0.94	-0.41	-0.17	0.88	0.25	
-1.04	-0.02	0.34	0.78	0.37	0.47	0.43	0.94	-0.43	-0.14	0.89	0.25	
-1.12	0.05	0.38	0.92	0.38	0.55	0.55	0.97	-0.43	-0.14	0.89	0.21	
-1.32	0.26	0.50	0.88	0.86	0.52	0.42	0.95	-0.41	-0.14	0.89	0.23	
-0.82	0.03	0.21	1.13	0.49	0.54	0.31	0.95	-0.41	-0.18	0.88	0.25	
-1.00	-0.18	0.55	0.75	-0.01	0.45	0.35	0.90	-0.46	-0.16	0.88	0.26	
-0.59	-0.26	0.32	0.35	-0.28	0.37	0.44	0.91	-0.37	-0.20	0.84	0.24	
-0.69	-0.24	0.73	0.65	-0.12	0.59	0.52	0.92	-0.37	-0.19	0.88	0.22	
-0.89	-0.23	0.50	0.66	-0.23	0.63	0.40	0.97	-0.38	-0.19	0.88	0.21	
-0.80	-0.13	0.54	0.70	-0.04	0.69	0.46	0.97	-0.38	-0.15	0.88	0.20	
-0.80	-0.33	0.74	0.66	-0.21	0.61	0.57	0.97	-0.35	-0.17	0.89	0.20	
-0.55	-0.13	0.60	0.41	-0.01	0.40	0.50	0.99	-0.33	-0.18	0.89	0.19	
-0.56	0.07	0.74	0.83	0.00	0.28	0.26	0.98	-0.34	-0.21	0.86	0.19	
-1.93	-0.09	0.87	1.73	-0.39	-0.09	-0.13	0.97	-0.33	-0.22	0.87	0.18	
-1.56	-0.92	0.29	1.54	-0.35	-0.53	-0.30	0.98	-0.31	-0.21	0.86	0.19	
-1.19	-0.54	-0.38	0.82	-0.41	-0.97	-0.60	0.98	-0.35	-0.26	0.91	0.17	
-1.49	-0.74	-1.23	0.89	-0.17	-1.98	-1.56	0.99	-0.31	-0.26	0.88	0.16	
0.04	0.30	0.02	0.19	0.51	0.36	0.05	0.97	-0.29	-0.21	0.87	0.15	
0.46	-0.05	1.41	-0.45	0.34	1.31	0.80	0.96	-0.31	-0.25	0.87	0.18	
0.81	0.05	1.32	-0.34	-0.12	1.16	0.75	1.00	-0.33	-0.24	0.89	0.16	
0.34	-0.29	0.60	0.07	-0.61	0.95	0.64	1.01	-0.31	-0.35	0.62	-0.10	
-0.62	-0.71	0.33	0.84	-0.31	0.15	0.31	1.02	-0.33	-0.21	0.93	0.17	
-0.95	-0.91	0.21	1.04	-0.04	-0.59	-0.18	0.99	-0.33	-0.23	0.89	0.18	
-1.29	-1.04	-0.25	1.44	-0.55	-0.94	-0.74	1.00	-0.31	-0.22	0.89	0.18	
-1.70	-1.13	-0.49	1.85	-0.11	-1.18	-0.92	1.00	-0.31	-0.21	0.89	0.17	
-1.32	-0.55	-0.19	1.31	0.58	-0.70	-0.56	1.00	-0.30	-0.23	0.87	0.16	
1.04	0.53	1.06	-0.78	0.72	1.15	0.41	0.99	-0.33	-0.23	0.87	0.17	
1.08	0.08	0.90	-0.91	0.38	1.16	0.77	0.99	-0.32	-0.25	0.88	0.18	
1.21	0.21	1.11	-0.71	0.09	1.56	1.25	0.99	-0.32	-0.21	0.89	0.16	
0.93	0.42	1.68	-0.56	0.98	1.85	1.47	1.00	-0.34	-0.22	0.88	0.16	
-0.65	-0.45	0.13	0.92	-0.34	-0.30	-0.05	0.98	-0.32	-0.23	0.88	0.17	
-1.33	-0.87	-0.49	0.51	0.00	-1.33	-0.77	0.99	-0.33	-0.21	0.88	0.18	
-1.55	-0.53	-0.54	1.41	0.16	-1.57	-1.00	0.98	-0.32	-0.22	0.86	0.16	
-1.75	-1.95	-0.28	1.88	-0.27	-1.39	-1.24	0.97	-0.30	-0.25	0.86	0.18	
-0.75	-0.18	0.19	0.87	0.11	0.02	-0.20	1.01	-0.32	-0.23	0.89	0.18	
-0.62	-2.51	1.69	-0.75	0.17	1.14	0.71	1.00	-0.31	-0.24	0.87	0.18	
1.23	0.52	1.05	-0.54	0.00	1.18	0.78	0.99	-0.31	-0.24	0.89	0.19	
1.15	0.29	1.05	-0.44	-0.10	1.31	0.84	0.98	-0.32	-0.24	0.87	0.15	
0.38	-0.22	0.82	0.32	-0.21	0.76	0.66	0.98	-0.32	-0.24	0.87	0.17	
-1.07	-1.89	-0.24	0.58	-0.03	-0.43	-0.01	1.00	-0.32	-0.21	0.86	0.17	
-1.10	-0.94	-0.20	0.91	-0.49	-0.68	-0.51	0.99	-0.32	-0.23	0.86	0.14	
-1.34	-0.99	-0.66	1.28	-0.65	-1.15	-0.86	1.00	-0.31	-0.23	0.88	0.18	
-1.03	-1.07	0.06	1.19	-0.66	-0.81	-0.58	0.99	-0.31	-0.23	0.87	0.17	
-0.23	-1.07	0.41	0.68	-0.32	-0.13	-0.39	0.98	-0.32	-0.24	0.87	0.18	
0.16	-0.22	0.95	0.08	0.31	0.72	0.36	0.98	-0.31	-0.25	0.88	0.18	
0.62	0.04	1.31	-1.25	0.34	1.26	0.95	1.00	-0.31	-0.24	0.86	0.18	
0.47	-0.79	0.85	0.29	0.63	1.45	1.04	1.00	-0.32	-0.24	0.87	0.16	
-0.43	-0.43	0.70	0.81	-0.24	0.54	0.41	0.98	-0.32	-0.24	0.86	0.15	
-0.82	-0.71	0.17	1.28	-0.32	-0.16	-0.02	0.99	-0.33	-0.23	0.86	0.16	
-1.02	-0.77	-0.09	1.79	-0.39	-0.67	-0.25	0.98	-0.32	-0.24	0.87	0.18	
-1.47	-1.09	-0.36	1.94	-0.32	-0.82	-0.70	0.98	-0.33	-0.24	0.86	0.18	
-0.96	-0.38	0.33	0.88	-0.16	-0.18	-0.21	0.99	-0.32	-0.24	0.85	0.16	
0.07	-0.23	0.98	-0.07	0.50	0.71	0.47	0.97	-0.33	-0.25	0.87	0.17	
0.62	-0.75	0.71	-0.81	0.16	1.30	0.81	0.98	-0.32	-0.28	0.87	0.17	
0.64	0.10	1.10	-0.80	0.56	1.31	0.87	0.98	-0.33	-0.26	0.86	0.18	
0.17	-0.35	1.04	-0.17	0.06	1.03	0.88	0.99	-0.34	-0.25	0.88	0.18	
-0.45	-0.78	0.37	0.77	0.12	-0.13	0.25	0.98	-0.29	-0.26	0.85	0.19	
-1.03	-0.70	-0.02	1.14	-0.38	-0.87	-0.49	0.96	-0.32	-0.26	0.86	0.18	
-1.86	-0.98	-0.40	1.92	-0.23	-1.07	-0.89	0.99	-0.31	-0.26	0.84	0.18	
-1.55	-0.79	-0.14	1.53	-0.57	-0.65	-0.44	0.97	-0.34	-0.24	0.87	0.19	
-0.66	-0.25	0.53	0.73	-0.07	-0.08	-0.30	0.99	-0.32	-0.25	0.86	0.19	
0.28	-0.05	1.13	-0.16	0.38	0.84	0.41	0.99	-0.33	-0.27	0.87	0.18	
1.09	0.83	1.52	-1.61	1.41	1.69	1.27	0.99	-0.31	-0.23	0.88	0.19	
0.79	0.00	1.06	-1.32	0.38	1.51	1.21	0.99	-0.34	-0.24	0.88	0.18	
-0.03	-0.23	0.80	-0.09	0.20	0.61	0.52	0.97	-0.33	-0.27	0.84	0.18	
-0.81	-0.47	0.43	1.34	0.48	-0.28	-0.07	0.98	-0.33	-0.24	0.87	0.18	
-1.28	-1.09	0.09	1.93	-0.38	-0.62	-0.23	0.98	-0.31	-0.25	0.86	0.19	
-1.46	-1.20	0.13	1.92	-0.67	-1.04	-0.74	0.97	-0.32	-0.26	0.87	0.17	
-1.04	-0.85	0.20	1.49	-0.30	-0.42	-0.52	0.97	-0.33	-0.27	0.85	0.18	
-0.36	-0.30	0.53	0.45	0.01	0.16	0.11	1.00	-0.33	-0.24	0.87	0.19	
0.20	-0.09	1.05	-0.53	0.26	0.94	0.62	0.98	-0.31	-0.25	0.87	0.17	
0.97	1.20	1.73	-1.19	0.79	1.64	1.03	0.97	-0.31	-0.24	0.85	0.18	
0.65	-0.16	1.05	-0.57	-0.03	1.23	0.90	0.99	-0.32	-0.24	0.87	0.16	
-0.22	-0.23	0.84	0.31	0.17	0.50	0.63	0.99	-0.32	-0.24	0.87	0.17	
-0.65	-0.52	0.53	1.34	0.18	-0.21	0.11	0.99	-0.32	-0.23	0.86	0.17	
-1.10	-0.91	0.20	1.84	-0.42	-0.80	-0.54	0.99	-0.33	-0.26	0.84	0.19	
-1.54	-1.17	-0.11	1.69	-0.66	-1.03	-0.86	0.98	-0.33	-0.23	0.87	0.20	
-1.10	-0.64	0.05	1.64	-0.21	-0.40	-0.28	0.98	-0.32	-0.24	0.86	0.19	
-0.28	-0.31	0.71	0.40	0.20	0.57	0.17	0.98	-0.33	-0.24	0.86	0.18	
0.48	-0.23	1.00	-0.51	0.45	1.40	0.77	0.97	-0.33	-0.25	0.85	0.18	
1.04	-0.24	1.12	-1.12	0.26	1.50	1.14	0.99	-0.32	-0.25	0.85	0.19	
0.63	-0.16	0.93	-0.91	-0.02	1.02	1.02	0.97	-0.34	-0.24	0.88	0.18	
-0.41	-0.34	0.73	0.52	0.12	0.15	0.28	0.97	-0.33	-0.24	0.87	0.16	
-0.92	-0.94	0.19	1.22	-0.05	-0.53	-0.37	0.97	-0.33	-0.24	0.86	0.19	
-1.57	-1.00	0.07	2.00	-0.31	-0.76	-0.46	0.98	-0.32	-0.25	0.87	0.19	
-1.53	-0.81	-0.05	1.54	-0.63	-0.61	-0.41	0.99	-0.34	-0.25	0.87	0.18	
-0.86	-0.62	0.29	0.88	-0.25	-0.03	-0.31	0.98	-0.33	-0.25	0.87	0.18	
0.25	-0.22	0.83	0.09	0.00	0.49	0.32	0.98	-0.33	-0.25	0.88	0.20	
1.33	0.00	1.43	-1.09	0.11	1.51	1.08	0.99	-0.32	-0.22	0.89	0.17	
0.66	-0.16	1.04	-0.58	-0.13	1.29	0.93	0.98	-0.34	-0.25	0.85	0.16	
-0.30	-0.54	0.44	0.69	-0.16	0.26	0.24	0.99	-0.32	-0.24	0.86	0.16	
-0.94	-0.70	0.06	1.46	-0.32	-0.43	-0.15	0.97	-0.31	-0.25	0.88	0.18	
-1.56	-1.05	-0.33	2.03	-0.57	-1.11	-0.60	0.99	-0.33	-0.24	0.87	0.19	
-1.54	-1.04	-0.32	1.47	-0.62	-0.79	-0.80	0.98	-0.33	-0.25	0.87	0.18	
-0.73	-0.07	0.62	0.54	-0.10	0.02	-0.05	0.99	-0.33	-0.23	0.86	0.19	
0.57	0.04	1.41	-0.21	0.22	0.89	0.57	1.00	-0.31	-0.25	0.87	0.19	
1.34	-0.09	1.12	-1.05	0.74	1.46	0.89	0.97	-0.32	-0.23	0.86	0.19	
0.63	-0.08	0.98	-0.17	-0.14	1.11	0.78	0.98	-0.31	-0.24	0.84	0.19	
-0.58	-0.36	0.80	0.88	-0.11	0.25	0.42	0.97	-0.33	-0.24	0.88	0.19	
-1.12	-0.92	0.01	1.86	-0.54	-0.38	-0.03	0.98	-0.33	-0.23	0.88	0.17	
-1.69	-1.33	-0.41	2.00	-0.20	-0.94	-0.72	0.98	-0.33	-0.25	0.85	0.18	
-1.11	-0.72	-0.16	0.77	-0.85	-0.21	-0.25	0.98	-0.32	-0.24	0.86	0.16	
0.12	-0.11	0.68	0.71	-0.08	0.39	0.25	0.96	-0.33	-0.24	0.85	0.17	
0.64	-0.18	1.15	-0.62	0.25	1.17	0.65	0.98	-0.33	-0.27	0.86	0.18	
0.64	0.39	1.46	-1.37	0.03	1.39	0.91	0.98	-0.34	-0.24	0.88	0.18	
0.18	-0.15	0.98	-0.39	-0.13	1.06	0.97	1.00	-0.33	-0.24	0.88	0.18	
-0.05	0.08	0.77	0.69	-0.01	0.09	0.36	0.89	-0.36	-0.24	0.89	0.23	
-1.07	-0.97	0.14	1.56	-0.04	-0.86	-0.49	1.01	-0.33	-0.25	0.86	0.18	
-1.43	-1.07	-0.23	1.82	-0.38	-1.04	-0.83	1.01	-0.34	-0.24	0.86	0.18	
-1.00	-0.63	0.08	1.76	-0.54	-0.46	-0.29	0.99	-0.35	-0.23	0.88	0.19	
-0.20	-0.22	0.83	0.41	-0.01	0.37	0.05	1.02	-0.34	-0.24	0.85	0.17	
0.81	0.10	1.43	-0.69	0.32	1.34	0.70	0.99	-0.31	-0.24	0.86	0.20	
1.01	0.26	1.10	-1.26	0.11	1.21	0.94	0.98	-0.33	-0.22	0.88	0.20	
0.27	-0.28	0.92	-0.24	0.00	0.93	0.92	0.99	-0.31	-0.23	0.87	0.19	
-0.55	-0.47	0.76	1.09	0.19	0.08	0.22	0.99	-0.32	-0.24	0.85	0.19	
-1.01	-0.81	0.18	1.74	0.05	-0.52	-0.40	0.96	-0.34	-0.23	0.86	0.16	
-1.73	-1.00	-0.34	1.82	-0.32	-1.04	-0.73	0.98	-0.33	-0.23	0.87	0.19	
-1.17	-0.55	-0.04	1.40	-0.48	-0.40	-0.30	0.96	-0.33	-0.25	0.86	0.17	
-0.32	-0.28	0.79	0.64	-0.20	0.30	-0.07	0.99	-0.32	-0.23	0.86	0.19	
0.76	-0.03	1.21	-0.32	0.08	0.97	0.62	0.98	-0.32	-0.24	0.87	0.20	
1.18	0.03	1.12	-1.28	-0.04	1.47	1.15	0.99	-0.34	-0.24	0.86	0.19	
0.19	-0.23	0.88	-0.20	-0.07	0.63	0.59	0.98	-0.33	-0.25	0.87	0.19	
-0.48	-0.42	0.81	0.84	-0.13	-0.03	-0.02	0.97	-0.34	-0.25	0.86	0.19	
-1.04	-1.01	0.21	1.91	-0.45	-0.54	-0.25	0.98	-0.34	-0.22	0.87	0.20	
-1.42	-1.41	-0.21	1.49	-0.65	-0.86	-0.51	0.98	-0.32	-0.26	0.85	0.20	
-0.91	-0.61	0.22	1.32	-0.28	-0.24	-0.44	0.99	-0.34	-0.24	0.86	0.20	
0.00	-0.15	0.67	0.57	0.11	0.35	0.21	0.98	-0.34	-0.23	0.88	0.20	
0.84	0.08	1.17	-0.55	0.45	1.29	0.92	1.00	-0.33	-0.25	0.87	0.17	
1.30	0.23	1.13	-1.22	0.02	1.70	1.17	0.98	-0.33	-0.24	0.87	0.19	
0.26	0.02	0.94	-0.10	0.12	0.69	0.54	0.99	-0.31	-0.24	0.85	0.18	
-0.76	-0.46	0.48	0.99	-0.02	-0.05	0.16	0.98	-0.33	-0.24	0.87	0.19	
-1.23	-1.05	0.07	1.99	-0.13	-0.71	-0.26	0.97	-0.32	-0.25	0.85	0.18	
-1.49	-1.05	-0.10	1.82	-0.51	-0.85	-0.70	0.98	-0.32	-0.26	0.86	0.19	
-1.02	-0.52	0.18	1.31	-0.21	-0.24	-0.30	0.98	-0.34	-0.23	0.86	0.20	
0.20	-0.02	1.15	0.43	0.14	0.69	0.46	0.98	-0.33	-0.24	0.86	0.18	
1.01	0.11	1.16	-0.95	0.32	1.41	0.88	0.98	-0.33	-0.25	0.86	0.18	
1.23	0.10	0.94	-1.21	0.18	1.29	0.85	0.98	-0.33	-0.23	0.87	0.18	
0.20	-0.16	0.97	0.20	-0.01	0.59	0.62	0.99	-0.33	-0.25	0.85	0.19	
-0.89	-0.63	0.46	1.41	-0.17	-0.21	0.15	0.98	-0.32	-0.23	0.88	0.19	
-1.32	-0.83	0.10	1.40	-0.47	-0.36	-0.22	0.97	-0.33	-0.24	0.86	0.18	
-1.15	-1.04	-0.08	2.44	-0.67	-0.51	-0.47	0.99	-0.32	-0.26	0.87	0.18	
-0.87	-0.67	0.50	1.42	-0.50	-0.44	-0.21	0.99	-0.33	-0.24	0.86	0.18	
-0.21	-0.38	1.01	0.75	-0.11	0.45	0.15	0.96	-0.32	-0.24	0.87	0.20	
0.55	-0.18	1.23	-0.44	0.26	1.24	0.66	0.98	-0.34	-0.23	0.88	0.18	
0.77	-0.17	1.04	-0.82	0.15	1.35	1.02	0.98	-0.32	-0.24	0.87	0.20	
0.17	-0.37	0.76	-0.15	-0.14	0.78	0.82	0.99	-0.32	-0.24	0.87	0.19	
-0.55	-0.45	0.77	1.16	-0.29	-0.01	0.18	0.97	-0.32	-0.23	0.86	0.20	
-0.97	-1.08	0.49	1.64	-0.40	-0.58	-0.46	0.98	-0.33	-0.24	0.86	0.18	
-1.57	-1.47	-0.24	1.62	-0.41	-0.99	-0.62	0.98	-0.33	-0.24	0.88	0.19	
-0.91	-0.54	0.18	0.94	-0.51	-0.35	-0.31	0.96	-0.33	-0.27	0.86	0.19	
0.23	-0.12	0.95	0.34	-0.18	0.52	0.07	0.98	-0.31	-0.26	0.87	0.17	
1.14	-0.13	1.26	-0.59	0.17	1.41	0.91	1.00	-0.32	-0.24	0.87	0.21	
0.64	-0.10	0.92	-0.13	-0.18	1.10	1.00	0.99	-0.31	-0.24	0.88	0.17	
-0.38	-0.44	0.72	0.72	-0.50	0.31	0.40	0.98	-0.33	-0.25	0.85	0.18	
-0.96	-0.96	0.49	1.46	-0.50	-0.35	-0.25	0.97	-0.33	-0.24	0.86	0.19	
-1.37	-1.05	0.06	1.60	-0.73	-0.65	-0.43	0.99	-0.31	-0.25	0.86	0.19	
-1.07	-1.11	0.00	1.43	-0.56	-0.59	-0.35	0.98	-0.29	-0.25	0.86	0.17	
-0.50	0.04	0.93	0.76	-0.04	0.36	0.00	0.99	-0.32	-0.27	0.86	0.19	
0.74	-0.05	1.44	-0.54	0.33	1.27	0.72	0.99	-0.32	-0.26	0.88	0.18	
1.09	0.03	1.12	-1.28	0.04	1.27	1.04	0.98	-0.33	-0.24	0.87	0.19	
0.17	-0.22	0.88	-0.04	0.08	0.74	0.75	0.98	-0.31	-0.24	0.86	0.16	
-0.99	-0.64	0.63	0.95	-0.20	-0.29	-0.13	0.98	-0.32	-0.25	0.86	0.18	
-1.37	-0.66	0.15	1.33	-0.17	-0.92	-0.64	0.99	-0.32	-0.25	0.85	0.18	
-1.87	-0.64	-0.19	1.65	-0.39	-1.22	-0.75	0.98	-0.31	-0.25	0.88	0.19	
-1.25	-0.57	0.05	1.31	-0.32	-0.55	-0.65	0.98	-0.34	-0.23	0.86	0.18	
-0.44	-0.17	0.93	0.75	0.03	0.15	-0.10	0.97	-0.32	-0.25	0.88	0.18	
0.55	0.01	1.43	-0.32	0.49	1.28	0.88	0.99	-0.31	-0.25	0.87	0.19	
1.05	0.17	1.18	-1.30	0.36	1.62	1.18	0.98	-0.32	-0.24	0.87	0.16	
0.60	-0.15	0.73	-0.20	0.08	0.78	0.59	0.98	-0.32	-0.25	0.86	0.18	
-0.62	-0.40	0.46	1.26	-0.04	-0.04	0.07	0.99	-0.32	-0.24	0.87	0.19	
-1.56	-0.38	0.22	1.58	-0.19	-0.50	-0.14	0.98	-0.33	-0.26	0.85	0.18	
-1.56	-0.50	-0.05	1.80	-0.24	-1.04	-0.69	0.98	-0.33	-0.25	0.87	0.17	
-1.72	-0.47	-0.10	1.48	-0.43	-0.86	-0.81	0.98	-0.32	-0.23	0.83	0.17	
-0.77	-0.23	0.38	1.01	-0.14	-0.02	-0.04	0.99	-0.33	-0.24	0.85	0.17	
0.65	0.01	1.16	-0.43	0.45	0.93	0.43	1.00	-0.32	-0.24	0.87	0.18	
1.35	0.10	1.20	-1.36	0.44	1.40	0.81	0.98	-0.33	-0.22	0.86	0.20	
0.68	-0.09	0.84	-0.39	0.09	0.97	0.83	1.00	-0.31	-0.23	0.88	0.19	
-0.72	-0.38	0.46	0.92	-0.01	-0.04	0.27	0.98	-0.32	-0.23	0.87	0.19	
-1.30	-0.64	0.08	1.78	-0.35	-0.40	-0.24	0.98	-0.33	-0.25	0.85	0.19	
-1.53	-1.56	-1.12	1.61	-0.63	-0.68	-0.58	0.97	-0.31	-0.27	0.84	0.18	
-1.64	-0.63	-0.13	1.09	-0.54	-0.56	-0.32	0.98	-0.34	-0.25	0.87	0.19	
-0.57	-0.13	0.45	0.74	0.01	0.15	-0.14	0.98	-0.32	-0.24	0.87	0.17	
0.62	0.75	1.52	-0.50	0.36	1.04	0.54	0.98	-0.32	-0.25	0.87	0.19	
1.40	0.19	1.18	-1.11	0.41	1.68	1.24	0.99	-0.32	-0.25	0.85	0.20	
0.61	-0.11	1.12	-0.07	0.14	1.04	0.99	0.99	-0.31	-0.24	0.86	0.18	
-0.67	-0.11	0.58	0.82	0.22	0.12	0.21	0.98	-0.32	-0.25	0.86	0.17	
-1.71	-0.54	-0.22	1.48	-0.02	-0.57	-0.40	0.98	-0.33	-0.24	0.86	0.19	
-1.84	-1.04	-0.79	1.97	-0.45	-1.11	-0.60	0.99	-0.33	-0.25	0.86	0.19	
-1.46	-0.60	-0.01	1.57	-0.36	-0.64	-0.62	0.97	-0.33	-0.26	0.86	0.18	
-0.57	-0.10	0.49	0.78	0.12	0.18	-0.10	0.99	-0.34	-0.22	0.87	0.19	
0.62	0.12	1.14	-0.60	0.48	1.00	0.69	0.99	-0.30	-0.24	0.89	0.20	
1.64	-0.21	0.94	-1.08	0.86	1.76	1.24	0.97	-0.31	-0.25	0.87	0.17	
0.59	0.20	1.01	-0.48	0.37	1.12	0.81	0.99	-0.30	-0.27	0.86	0.17	
-0.40	0.39	0.45	0.61	0.11	0.20	0.25	0.98	-0.33	-0.27	0.86	0.18	
-1.71	-0.67	-0.24	1.79	0.13	-0.71	-0.27	1.02	-0.32	-0.24	0.93	0.18	
-1.82	-0.72	-0.79	1.87	-0.45	-1.04	-0.62	0.94	-0.33	-0.27	0.84	0.18	
-1.66	-0.62	-0.17	1.87	-0.44	-0.72	-0.75	0.96	-0.33	-0.24	0.85	0.18	
-0.80	-0.18	0.23	0.73	0.13	-0.08	-0.09	0.99	-0.32	-0.25	0.86	0.17	
0.13	-0.16	0.91	-0.11	0.42	1.00	0.58	0.97	-0.33	-0.25	0.87	0.17	
1.36	-0.06	1.42	-1.05	0.89	1.46	0.87	0.98	-0.32	-0.25	0.87	0.19	
0.64	0.04	1.10	-0.62	0.02	1.24	0.93	1.00	-0.33	-0.25	0.87	0.17	
-0.21	-0.20	0.72	0.46	0.04	0.31	0.53	0.98	-0.32	-0.23	0.87	0.19	
-1.20	-0.58	0.10	1.56	0.25	-0.33	-0.01	0.99	-0.32	-0.25	0.87	0.19	
-1.84	0.02	-0.20	2.05	-0.32	-0.96	-0.74	0.98	-0.33	-0.27	0.85	0.17	
-1.79	-0.53	-0.43	1.86	-0.57	-0.95	-0.75	0.98	-0.32	-0.25	0.86	0.19	
-1.13	-0.19	0.32	0.74	0.07	0.19	0.05	0.98	-0.32	-0.26	0.87	0.17	
0.50	0.19	0.94	-0.39	0.45	1.21	0.63	0.99	-0.33	-0.25	0.88	0.17	
1.82	0.05	0.99	-1.61	0.61	1.38	0.87	0.99	-0.32	-0.25	0.87	0.17	
0.49	0.21	1.10	-0.46	0.38	1.28	1.03	0.99	-0.32	-0.27	0.84	0.18	
-1.34	-0.20	0.49	1.30	0.35	0.02	0.36	0.99	-0.31	-0.25	0.87	0.18	
-1.57	-0.24	-0.42	1.88	-0.12	-1.06	-0.63	0.97	-0.31	-0.23	0.87	0.17	
-1.76	-0.40	-0.54	1.31	-0.53	-1.01	-0.84	0.99	-0.31	-0.25	0.86	0.18	
-1.28	-0.25	0.14	0.96	-0.14	-0.06	-0.07	0.97	-0.33	-0.25	0.86	0.17	
-0.38	-0.04	0.95	0.49	0.16	0.78	0.32	0.97	-0.31	-0.26	0.87	0.19	
1.04	0.19	1.69	-0.48	0.44	1.72	1.04	0.97	-0.33	-0.27	0.83	0.17	
1.00	0.09	1.10	-0.31	0.00	1.31	1.13	1.00	-0.32	-0.25	0.87	0.19	
-0.33	-0.27	0.76	0.47	0.02	0.45	0.63	0.97	-0.32	-0.25	0.86	0.19	
-1.15	-0.52	0.43	1.55	-0.20	-0.49	-0.21	0.99	-0.32	-0.25	0.87	0.20	
-1.53	-0.71	-0.15	1.80	-0.45	-0.99	-0.75	0.99	-0.32	-0.26	0.86	0.19	
-1.49	-0.66	-0.03	1.39	-0.56	-0.94	-0.58	0.98	-0.33	-0.26	0.88	0.20	
-0.87	-0.17	0.43	0.95	-0.21	-0.03	-0.29	0.97	-0.33	-0.24	0.87	0.18	
0.30	0.07	1.33	0.07	0.31	0.92	0.48	1.00	-0.31	-0.27	0.87	0.18	
1.37	0.16	1.40	-1.55	0.38	1.72	1.27	1.00	-0.32	-0.27	0.87	0.23	
0.65	-0.22	0.78	-0.44	0.08	1.04	0.90	0.99	-0.31	-0.24	0.87	0.17	
-0.59	-0.21	0.61	0.84	-0.06	0.32	0.27	0.97	-0.32	-0.25	0.86	0.19	
-1.21	-0.60	0.09	1.60	-0.07	-0.73	-0.42	1.00	-0.32	-0.25	0.86	0.20	
-2.14	-1.33	-0.59	2.17	-0.25	-1.04	-0.56	0.99	-0.31	-0.26	0.85	0.19	
-1.50	-0.56	0.44	1.40	-0.62	-0.59	-0.61	0.99	-0.34	-0.26	0.86	0.20	
-0.43	-0.25	0.72	0.43	0.01	0.46	0.11	1.00	-0.32	-0.25	0.86	0.18	
0.73	-0.21	1.10	-0.62	0.18	1.23	0.89	0.97	-0.32	-0.26	0.89	0.18	
1.25	0.21	1.19	-1.02	0.64	1.34	1.04	0.99	-0.33	-0.26	0.85	0.19	
0.45	-0.35	0.70	-0.18	-0.20	0.65	0.48	0.99	-0.32	-0.27	0.86	0.17	
-0.60	-0.30	0.65	0.45	-0.43	0.27	0.23	0.98	-0.32	-0.27	0.87	0.20	
-1.44	-0.43	0.38	1.50	0.09	-0.64	-0.22	0.98	-0.32	-0.25	0.87	0.18	
-1.81	-0.96	-0.22	2.01	-0.14	-0.80	-0.48	0.98	-0.33	-0.26	0.86	0.17	
-1.29	-0.38	0.36	1.63	-0.33	-0.68	-0.71	0.97	-0.33	-0.25	0.87	0.19	
-0.31	-0.24	0.48	0.23	0.04	0.25	0.11	1.00	-0.31	-0.24	0.87	0.20	
0.73	-0.21	1.04	-0.78	0.18	1.32	0.89	1.00	-0.32	-0.25	0.87	0.20	
1.22	-0.02	1.05	-1.24	-0.01	1.42	0.97	0.98	-0.32	-0.26	0.86	0.20	
0.31	-0.25	0.71	-0.14	-0.21	0.74	0.54	0.99	-0.32	-0.26	0.86	0.19	
-0.85	-0.48	0.49	1.27	-0.08	-0.08	0.15	0.98	-0.33	-0.25	0.86	0.19	
-1.71	-0.98	-0.01	1.88	-0.30	-0.79	-0.32	0.98	-0.33	-0.25	0.86	0.19	
-1.46	-1.03	-0.03	1.81	-0.34	-1.28	-1.07	0.96	-0.31	-0.26	0.85	0.19	
-0.75	-0.46	0.53	1.07	-0.11	-0.25	-0.28	0.99	-0.32	-0.26	0.87	0.21	
0.04	-0.28	1.05	0.35	-0.14	0.62	0.35	0.98	-0.35	-0.26	0.86	0.17	
1.00	-0.15	1.24	-0.67	0.51	1.58	0.94	0.99	-0.35	-0.25	0.87	0.18	
0.62	-0.21	0.75	-0.48	0.15	1.30	0.91	0.98	-0.31	-0.27	0.86	0.18	
-0.33	-0.23	0.71	0.31	-0.21	0.68	0.73	0.98	-0.32	-0.27	0.86	0.20	
-1.11	-0.78	0.44	1.40	-0.25	0.07	0.32	0.97	-0.32	-0.28	0.86	0.20	
-1.44	-0.99	0.28	1.87	-0.35	-0.57	-0.34	0.96	-0.34	-0.27	0.85	0.20	
-1.17	-1.11	0.16	1.66	-0.57	-0.62	-0.55	0.98	-0.33	-0.28	0.79	0.16	
-0.47	-0.64	0.48	0.80	-0.47	0.19	0.15	0.98	-0.32	-0.27	0.88	0.20	
0.07	-0.23	1.04	0.12	0.00	0.90	0.58	0.97	-0.33	-0.26	0.84	0.18	
0.95	0.21	1.51	-0.93	0.85	1.39	0.85	0.96	-0.33	-0.26	0.85	0.18	
0.46	0.06	0.89	-0.52	-0.09	1.14	0.84	0.97	-0.32	-0.27	0.86	0.19	
-0.53	-0.05	0.83	0.39	-0.24	0.48	0.61	0.97	-0.32	-0.26	0.86	0.21	
-1.37	-0.48	0.40	1.50	-0.18	-0.22	0.09	0.96	-0.32	-0.26	0.87	0.19	
-1.43	-0.66	0.26	2.11	-0.32	-0.78	-0.59	0.97	-0.35	-0.27	0.86	0.19	
-1.20	-0.57	0.34	1.45	-0.59	-0.48	-0.44	0.98	-0.35	-0.25	0.87	0.19	
-0.60	-0.42	0.60	0.82	-0.21	0.27	0.21	0.98	-0.33	-0.26	0.86	0.18	
0.68	-0.34	1.05	0.18	0.11	1.25	0.76	0.97	-0.34	-0.28	0.86	0.20	
1.06	-0.25	1.01	-0.96	0.21	1.55	0.98	0.97	-0.31	-0.27	0.84	0.20	
0.06	-0.04	0.90	-0.24	0.03	0.88	0.79	0.99	-0.31	-0.26	0.86	0.18	
-0.97	-0.24	0.58	1.39	-0.09	-0.01	0.32	0.98	-0.33	-0.26	0.85	0.18	
-1.17	-0.69	0.11	1.97	-0.37	-0.61	-0.31	0.96	-0.32	-0.27	0.83	0.19	
-1.24	-1.39	-0.41	1.96	-0.35	-1.09	-0.89	0.98	-0.35	-0.25	0.84	0.20	
-1.45	-0.37	0.39	1.44	-0.39	-0.60	-0.39	0.97	-0.33	-0.26	0.84	0.19	
-0.26	-0.47	0.70	0.63	-0.09	0.38	0.06	0.98	-0.32	-0.26	0.85	0.18	
0.93	-0.28	0.84	-0.34	0.33	1.35	0.70	0.98	-0.32	-0.26	0.86	0.20	
1.37	-0.01	0.92	-1.26	0.05	1.52	1.10	0.98	-0.33	-0.26	0.88	0.20	
0.34	-0.31	0.79	-0.23	-0.14	0.82	0.89	0.99	-0.32	-0.25	0.87	0.19	
-0.62	-0.55	0.51	1.06	-0.01	0.13	0.27	0.98	-0.34	-0.26	0.85	0.19	
-1.49	-0.85	-0.01	1.80	-0.40	-0.76	-0.54	0.97	-0.33	-0.25	0.86	0.19	
-1.81	-1.63	-0.74	1.84	-0.66	-0.99	-0.62	0.99	-0.34	-0.27	0.85	0.21	
-1.15	-0.23	0.39	1.04	-0.28	-0.43	-0.38	0.95	-0.33	-0.24	0.88	0.21	
0.26	-0.03	0.82	0.19	0.25	0.38	-0.03	0.99	-0.32	-0.27	0.86	0.17	
1.32	-0.05	1.19	-0.90	0.23	1.45	0.93	0.98	-0.32	-0.26	0.85	0.21	
1.06	-0.19	0.89	-0.77	-0.01	1.47	1.23	0.98	-0.33	-0.25	0.87	0.19	
0.43	-0.41	0.68	-0.06	-0.12	0.53	0.57	0.97	-0.32	-0.27	0.83	0.18	
-0.97	-0.44	0.31	0.96	0.02	-0.18	-0.10	0.97	-0.33	-0.25	0.85	0.20	
-1.85	-0.88	-0.26	1.83	0.05	-0.73	-0.42	0.98	-0.31	-0.25	0.85	0.19	
-1.76	-0.36	0.05	1.73	-0.62	-0.77	-0.45	0.98	-0.35	-0.26	0.86	0.20	
-0.67	-0.53	0.27	1.14	-0.58	-0.36	-0.50	0.98	-0.32	-0.26	0.86	0.20	
0.28	-0.42	0.70	-0.11	-0.30	0.75	0.37	0.98	-0.33	-0.25	0.87	0.20	
1.16	-0.04	1.26	-0.91	0.45	1.85	1.34	0.97	-0.31	-0.26	0.85	0.19	
0.59	-0.27	1.01	-0.69	0.13	1.40	1.11	0.98	-0.33	-0.25	0.86	0.19	
-0.20	-1.41	0.11	0.40	-0.06	0.47	0.39	0.98	-0.32	-0.25	0.86	0.20	
-1.00	-0.04	0.71	1.15	-0.36	-0.21	-0.04	0.97	-0.33	-0.31	0.83	0.18	
-0.82	-1.78	-0.21	1.27	0.32	-0.53	-0.19	0.98	-0.32	-0.26	0.87	0.21	
-1.74	-0.56	-0.10	0.13	0.86	-1.07	-0.83	0.97	-0.34	-0.27	0.85	0.20	
-0.74	-0.46	0.29	1.16	-0.15	-0.46	-0.50	0.98	-0.33	-0.27	0.90	0.20	
0.12	-0.91	0.51	0.48	0.16	0.45	0.29	0.99	-0.33	-0.24	0.87	0.20	
0.99	0.05	1.11	-1.13	0.47	1.58	1.01	0.98	-0.33	-0.24	0.86	0.19	
0.86	-0.05	1.05	-0.49	-0.03	1.50	0.97	0.97	-0.32	-0.27	0.85	0.18	
0.33	-0.97	0.54	0.01	-0.30	0.50	0.50	0.98	-0.33	-0.26	0.87	0.21	
-0.29	-1.07	0.50	1.38	-0.10	-0.22	0.12	0.97	-0.32	-0.22	0.87	0.19	
-1.11	-0.57	0.43	1.99	-0.59	-0.71	-0.41	0.98	-0.32	-0.26	0.85	0.20	
-1.19	-1.66	-0.43	1.23	-0.55	-1.21	-1.03	0.98	-0.32	-0.24	0.86	0.18	
-0.75	-0.17	0.46	1.08	-0.31	-0.34	-0.27	1.00	-0.32	-0.23	0.89	0.18	
0.10	-0.29	0.99	0.50	0.04	0.65	0.29	0.99	-0.32	-0.23	0.87	0.17	
0.88	-0.94	1.09	-0.77	0.24	1.88	1.07	0.97	-0.32	-0.26	0.87	0.20	
0.72	-0.10	0.84	-0.41	0.38	1.48	1.13	1.00	-0.33	-0.23	0.86	0.19	
-0.14	-0.35	0.82	0.45	-0.24	0.41	0.64	1.00	-0.31	-0.24	0.85	0.21	
-1.24	-0.69	0.50	1.89	0.11	-0.29	0.02	0.97	-0.32	-0.25	0.85	0.20	
-1.79	-0.58	0.21	2.07	-0.27	-1.29	-0.95	0.98	-0.33	-0.25	0.87	0.19	
-1.43	-1.27	-0.30	1.70	-0.21	-0.89	-0.73	0.94	-0.29	-0.29	0.90	0.12	
-0.51	-0.45	0.55	0.94	-0.20	-0.10	-0.13	0.95	-0.23	-0.23	0.86	0.19	
-0.01	-0.36	0.88	0.31	0.13	1.03	0.41	0.98	-0.31	-0.24	0.87	0.19	
0.78	0.63	1.88	-0.27	1.05	1.89	1.24	0.98	-0.33	-0.26	0.89	0.20	
0.60	0.36	0.95	-0.05	0.00	1.15	1.10	0.99	-0.31	-0.23	0.88	0.20	
-0.44	-0.10	0.69	0.70	0.22	0.31	0.49	0.98	-0.34	-0.23	0.87	0.18	
-1.29	-0.64	0.39	1.78	-0.35	-0.74	-0.45	0.99	-0.33	-0.26	0.84	0.19	
-1.65	-0.89	0.17	1.56	-0.59	-1.25	-0.88	0.98	-0.35	-0.23	0.86	0.20	
-1.44	-0.91	0.08	1.51	-0.50	-0.98	-0.64	0.99	-0.34	-0.26	0.86	0.20	
-0.86	-0.33	0.38	0.68	0.04	-0.07	-0.34	0.96	-0.34	-0.24	0.87	0.18	
0.72	0.05	1.25	-0.89	0.57	1.44	0.74	0.96	-0.34	-0.24	0.85	0.20	
1.20	0.00	1.02	-1.27	0.34	1.52	1.18	0.99	-0.32	-0.23	0.88	0.18	
0.55	-0.21	0.63	-0.15	-0.09	0.84	0.82	0.97	-0.32	-0.26	0.86	0.19	
-0.59	-0.40	0.59	1.15	-0.06	0.00	0.08	0.98	-0.34	-0.26	0.86	0.19	
-1.54	-0.92	0.26	1.99	-0.31	-0.88	-0.61	0.99	-0.33	-0.25	0.86	0.21	
-1.33	-1.02	-0.12	1.95	-0.49	-1.06	-0.62	0.98	-0.33	-0.24	0.86	0.21	
-1.04	-0.74	0.15	1.20	-0.53	-0.34	-0.42	0.98	-0.34	-0.25	0.86	0.19	
0.24	-0.10	1.08	0.04	0.16	0.54	0.13	0.98	-0.32	-0.24	0.88	0.18	
1.09	0.70	1.57	-0.17	1.40	2.11	1.41	0.97	-0.34	-0.22	0.86	0.19	
0.78	-0.20	0.79	0.13	-0.27	1.37	1.18	0.99	-0.33	-0.24	0.86	0.17	
-0.13	-0.21	0.78	0.58	-0.08	0.65	0.56	0.99	-0.33	-0.24	0.87	0.19	
-1.19	-0.45	0.51	1.59	-0.09	-0.28	-0.13	0.97	-0.34	-0.24	0.86	0.18	
-1.89	-0.91	-0.40	2.09	-0.27	-0.79	-0.33	0.98	-0.35	-0.25	0.86	0.21	
-1.79	-0.14	0.14	1.66	-0.50	-0.75	-0.60	0.97	-0.33	-0.26	0.85	0.19	
-0.42	-0.10	0.48	0.69	-0.01	0.16	-0.12	0.97	-0.31	-0.24	0.86	0.20	
1.12	0.11	1.18	-1.04	0.67	1.55	1.06	0.99	-0.32	-0.26	0.88	0.19	
1.39	0.06	1.14	-1.25	0.34	1.54	1.18	0.99	-0.32	-0.25	0.87	0.18	
0.38	0.01	0.74	-0.17	0.08	0.69	0.55	0.97	-0.32	-0.24	0.86	0.19	
-1.26	-0.06	0.28	1.42	0.29	-0.36	-0.13	0.96	-0.33	-0.27	0.87	0.19	
-1.82	-0.73	-0.16	2.10	-0.03	-1.02	-0.50	0.98	-0.34	-0.25	0.85	0.18	
-1.72	-0.94	-0.31	2.11	-0.30	-0.94	-0.76	0.98	-0.33	-0.29	0.81	0.10	
-1.13	-0.10	0.33	1.05	-0.29	-0.19	-0.35	0.96	-0.33	-0.24	0.87	0.20	
0.46	0.05	0.93	0.01	0.31	0.93	0.63	1.00	-0.32	-0.22	0.88	0.18	
1.06	0.03	1.22	-1.11	0.71	1.78	1.18	0.98	-0.31	-0.25	0.86	0.18	
0.69	-0.05	1.07	-0.56	0.18	1.50	1.03	0.98	-0.33	-0.24	0.85	0.19	
-0.13	-0.20	0.81	0.28	0.13	0.37	0.50	0.98	-0.32	-0.23	0.87	0.18	
-1.07	-0.51	0.37	1.18	0.02	-0.45	-0.02	0.99	-0.31	-0.25	0.85	0.19	
-1.58	-1.04	-0.16	2.05	-0.13	-0.84	-0.52	0.96	-0.33	-0.22	0.84	0.19	
-1.74	-0.83	-0.10	2.09	-0.26	-0.70	-0.67	0.98	-0.33	-0.24	0.87	0.21	
-1.19	-0.42	0.15	1.00	-0.04	-0.21	-0.14	0.98	-0.33	-0.24	0.86	0.20	
0.43	0.21	0.83	-0.59	0.69	0.88	0.39	0.99	-0.34	-0.25	0.86	0.17	
1.25	0.11	1.31	-1.06	0.66	1.62	0.97	0.98	-0.33	-0.22	0.87	0.19	
1.11	0.09	0.97	-0.34	0.13	1.52	1.23	0.98	-0.33	-0.23	0.86	0.19	
-0.20	0.20	0.76	0.56	0.18	0.44	0.65	0.97	-0.35	-0.25	0.87	0.21	
-1.49	0.31	0.07	1.38	0.21	-0.31	-0.06	0.98	-0.33	-0.26	0.86	0.20	
-2.44	-1.13	-0.96	2.28	-0.47	-0.67	-0.56	0.97	-0.35	-0.23	0.86	0.21	
-1.93	-0.44	-0.06	1.71	-0.72	-0.81	-0.49	0.97	-0.33	-0.30	0.85	0.18	
-0.99	-0.29	0.00	1.12	-0.11	-0.24	-0.28	0.97	-0.33	-0.25	0.86	0.19	
-0.21	-0.04	0.36	0.24	0.13	0.46	0.09	0.96	-0.32	-0.25	0.87	0.18	
1.32	0.22	1.30	-1.03	0.78	1.88	1.25	0.97	-0.34	-0.23	0.88	0.21	
1.21	0.12	1.15	-0.57	0.26	1.29	1.14	0.98	-0.33	-0.26	0.85	0.20	
0.07	0.14	0.55	0.20	0.14	0.33	0.37	0.98	-0.34	-0.26	0.85	0.19	
-1.26	0.44	-0.10	1.26	0.46	-0.41	-0.27	0.99	-0.34	-0.25	0.87	0.19	
-2.15	-0.17	-0.73	2.18	-0.14	-0.95	-0.55	0.98	-0.35	-0.26	0.86	0.19	
-1.88	-0.28	0.24	1.80	-0.43	-0.62	-0.45	0.98	-0.33	-0.28	0.87	0.20	
-1.04	-0.20	0.19	0.95	-0.04	-0.08	-0.32	0.98	-0.33	-0.27	0.84	0.20	
0.02	0.29	0.39	-0.25	0.27	0.72	0.43	0.98	-0.34	-0.27	0.87	0.21	
1.73	-0.02	1.16	-0.64	0.67	1.90	1.32	0.98	-0.33	-0.24	0.87	0.20	
1.07	-0.06	1.11	-0.22	0.16	1.26	0.94	0.97	-0.33	-0.26	0.85	0.20	
-0.01	0.08	0.81	0.46	0.26	0.45	0.38	0.96	-0.33	-0.25	0.85	0.20	
-1.50	0.13	0.15	1.59	0.24	-0.54	-0.19	0.98	-0.31	-0.24	0.85	0.19	
-2.32	-0.24	-0.33	1.92	-0.03	-1.22	-0.66	0.97	-0.33	-0.24	0.85	0.19	
-2.03	-0.44	0.08	1.76	-0.31	-0.60	-0.68	0.97	-0.34	-0.26	0.85	0.20	
-0.73	0.45	0.80	0.79	-0.01	0.15	-0.08	0.98	-0.32	-0.25	0.86	0.18	
0.36	0.09	1.22	-0.14	0.52	1.21	0.84	0.99	-0.32	-0.27	0.87	0.20	
1.06	0.20	1.52	-1.33	0.89	1.72	1.23	0.97	-0.35	-0.24	0.87	0.18	
0.51	-0.05	1.04	-0.40	0.11	1.07	0.77	0.98	-0.33	-0.27	0.84	0.17	
-0.35	-0.03	0.58	0.93	0.16	0.23	0.32	0.98	-0.32	-0.24	0.87	0.19	
-1.32	-0.15	0.00	1.71	0.18	-0.69	-0.21	1.00	-0.33	-0.24	0.87	0.20	
-2.15	-0.60	-0.60	2.44	-0.15	-1.35	-0.85	0.98	-0.29	-0.26	0.87	0.20	
-1.88	-0.68	-0.17	1.01	0.23	-0.86	-0.87	0.99	-0.33	-0.27	0.89	0.18	
-0.43	0.32	0.59	0.57	0.29	0.12	0.01	0.99	-0.34	-0.26	0.88	0.17	
0.49	0.07	1.38	-0.34	0.34	1.54	0.99	0.96	-0.28	-0.26	0.87	0.19	
1.22	-0.05	1.29	-1.20	0.03	1.91	1.25	0.98	-0.34	-0.26	0.86	0.20	
0.65	-0.10	0.83	-0.44	0.08	0.79	0.66	0.99	-0.33	-0.26	0.84	0.19	
-0.53	-0.03	0.56	1.07	0.09	-0.06	0.21	0.98	-0.32	-0.25	0.85	0.20	
-1.92	-0.34	0.19	1.98	-0.23	-0.88	-0.37	0.96	-0.33	-0.29	0.85	0.21	
-1.51	-2.01	-0.59	2.01	-0.37	-1.00	-0.84	0.97	-0.34	-0.26	0.85	0.20	
-1.12	-0.33	-0.01	1.37	-0.30	-0.62	-0.55	0.96	-0.32	-0.27	0.85	0.18	
-0.39	-0.24	0.21	0.24	-0.18	0.21	0.06	0.98	-0.33	-0.27	0.84	0.19	
0.66	-0.37	0.93	-0.67	0.48	1.57	0.86	0.96	-0.32	-0.27	0.85	0.20	
1.21	-0.04	1.11	-1.14	0.43	1.64	1.11	0.98	-0.34	-0.28	0.85	0.19	
0.09	-0.24	0.76	-0.19	0.28	0.77	0.84	0.99	-0.32	-0.27	0.84	0.19	
-0.98	-0.49	0.31	0.95	0.20	-0.44	0.02	0.99	-0.32	-0.28	0.86	0.21	
-1.76	-0.80	-0.08	1.98	0.01	-1.26	-0.84	0.96	-0.33	-0.27	0.84	0.21	
-1.77	-1.00	-0.09	2.11	0.26	-1.18	-1.02	0.96	-0.33	-0.29	0.85	0.21	
-1.23	-0.63	0.23	1.17	-0.61	-0.08	-0.14	0.99	-0.33	-0.25	0.87	0.19	
0.16	0.04	1.01	0.34	0.28	0.66	0.27	0.97	-0.32	-0.26	0.86	0.19	
1.06	0.10	1.42	-0.98	0.75	1.77	1.02	0.97	-0.31	-0.26	0.84	0.19	
0.81	-0.09	0.87	-0.43	0.22	1.32	1.08	0.98	-0.32	-0.27	0.86	0.19	
0.09	-0.24	0.63	0.26	0.13	0.35	0.58	0.97	-0.35	-0.26	0.87	0.19	
-1.11	-0.36	0.49	1.21	-0.04	-0.62	-0.26	0.96	-0.32	-0.27	0.86	0.20	
-1.53	-1.07	0.02	1.72	-0.45	-1.11	-0.90	0.98	-0.32	-0.25	0.87	0.20	
-1.69	-0.82	0.22	1.04	-0.40	-1.08	-0.75	0.97	-0.32	-0.26	0.87	0.20	
-1.05	-0.51	0.27	0.93	-0.16	-0.34	-0.40	0.96	-0.33	-0.26	0.86	0.20	
0.22	-0.01	0.97	0.21	0.36	0.79	0.22	0.97	-0.30	-0.27	0.84	0.17	
1.08	0.12	1.40	-1.03	0.70	1.79	1.18	0.97	-0.32	-0.26	0.87	0.21	
0.80	-0.08	0.88	-0.47	0.19	1.18	1.08	0.99	-0.31	-0.24	0.86	0.18	
-0.18	-0.16	0.70	0.44	0.01	0.33	0.39	0.96	-0.33	-0.26	0.86	0.21	
-1.43	-0.43	0.48	1.62	0.12	-0.55	-0.38	0.96	-0.33	-0.27	0.84	0.19	
-1.88	-1.74	-0.40	1.94	-0.22	-1.22	-0.79	0.99	-0.34	-0.26	0.86	0.20	
-1.67	-0.98	0.07	1.50	0.15	-0.90	-0.64	0.97	-0.33	-0.27	0.86	0.21	
-0.68	-0.35	0.32	0.56	0.16	-0.07	-0.35	0.97	-0.34	-0.25	0.86	0.17	
0.64	0.08	0.88	-0.16	0.44	1.23	0.66	1.00	-0.32	-0.27	0.86	0.19	
1.34	0.26	1.07	-1.08	0.66	1.78	1.35	0.98	-0.33	-0.26	0.85	0.20	
0.64	-0.03	0.73	-0.34	0.15	1.00	0.90	0.99	-0.33	-0.27	0.85	0.19	
-0.38	-0.08	0.69	1.10	-0.10	0.15	0.17	0.97	-0.34	-0.27	0.85	0.21	
-1.40	-0.24	0.40	1.77	0.25	-0.66	-0.43	0.96	-0.34	-0.27	0.85	0.21	
-2.21	-0.46	0.09	2.17	-0.33	-1.09	-0.62	0.99	-0.33	-0.25	0.84	0.21	
-1.42	-0.25	0.43	1.38	-0.53	-0.64	-0.56	0.97	-0.34	-0.26	0.86	0.20	
-0.25	-0.14	0.72	0.48	0.14	0.27	-0.09	0.98	-0.34	-0.25	0.87	0.19	
0.74	0.10	1.13	-0.53	0.75	1.29	0.81	0.99	-0.34	-0.27	0.86	0.19	
1.33	-0.04	1.03	-1.21	0.55	1.51	1.20	0.97	-0.33	-0.26	0.86	0.19	
0.56	-0.16	0.75	-0.31	0.01	0.83	0.70	0.98	-0.33	-0.28	0.86	0.19	
-0.70	-0.17	0.68	0.95	0.07	0.28	0.22	0.97	-0.32	-0.27	0.84	0.20	
-1.74	-0.76	0.12	1.92	0.14	-0.69	-0.36	0.97	-0.34	-0.27	0.85	0.20	
-1.99	-0.78	0.02	2.12	-0.29	-1.01	-0.55	0.97	-0.34	-0.27	0.84	0.21	
-1.04	-0.41	0.45	1.13	-0.74	-0.14	-0.31	0.97	-0.33	-0.27	0.86	0.20	
-0.26	-0.21	0.77	0.58	-0.19	0.38	0.08	0.98	-0.34	-0.28	0.86	0.21	
0.71	0.03	1.28	-0.56	-0.12	1.66	1.14	0.98	-0.34	-0.26	0.85	0.20	
1.12	-0.11	1.02	-1.03	0.06	1.43	1.15	0.98	-0.32	-0.28	0.85	0.20	
0.24	-0.17	0.61	0.06	-0.21	0.61	0.49	0.97	-0.33	-0.28	0.84	0.18	
-1.10	-0.26	0.52	1.31	0.11	-0.30	-0.13	0.98	-0.34	-0.26	0.85	0.20	
-1.52	-0.51	0.36	1.86	0.04	-0.94	-0.46	0.98	-0.34	-0.26	0.87	0.19	
-2.12	-0.74	0.31	1.86	-0.37	-1.04	-0.71	0.97	-0.35	-0.29	0.83	0.19	
-1.39	-0.25	0.37	1.25	-0.35	-0.40	-0.58	0.96	-0.33	-0.26	0.85	0.20	
-0.21	0.03	0.47	0.37	0.04	-0.07	-0.10	0.96	-0.33	-0.27	0.86	0.20	
0.71	-0.11	0.87	-0.34	0.30	1.31	0.87	0.98	-0.32	-0.27	0.84	0.19	
1.21	-0.07	1.20	-1.22	0.30	1.21	0.83	0.97	-0.33	-0.27	0.84	0.21	
0.49	-0.33	0.89	-0.30	-0.20	0.72	0.49	0.96	-0.35	-0.27	0.86	0.21	
-0.76	-0.36	0.65	1.59	0.35	-0.07	0.13	0.97	-0.33	-0.27	0.86	0.21	
-1.67	-0.35	0.24	1.68	-0.05	-0.74	-0.29	0.99	-0.32	-0.27	0.84	0.21	
-1.96	-1.00	-0.09	1.71	-0.15	-1.05	-0.82	0.97	-0.35	-0.27	0.86	0.20	
-0.98	0.33	0.84	1.29	-0.31	-0.46	-0.52	0.98	-0.33	-0.28	0.85	0.21	
-0.42	-0.33	0.86	0.42	-0.48	0.58	0.36	0.98	-0.33	-0.25	0.84	0.19	
0.86	-0.09	1.24	-1.54	0.05	1.38	0.88	0.96	-0.33	-0.25	0.87	0.19	
1.13	0.05	1.11	-1.08	-0.07	1.13	0.72	0.98	-0.33	-0.28	0.86	0.19	
-0.21	-0.07	0.71	0.28	-0.29	0.57	0.50	0.97	-0.32	-0.27	0.85	0.21	
-1.76	0.03	0.40	1.31	0.02	-0.46	-0.05	0.98	-0.34	-0.26	0.87	0.21	
-2.33	-0.79	-0.17	2.00	-0.56	-0.71	-0.40	0.97	-0.32	-0.26	0.85	0.20	
-1.99	-0.69	0.34	2.07	-0.64	-0.44	-0.54	0.97	-0.35	-0.28	0.84	0.19	
-0.98	0.11	0.63	0.72	-0.08	0.07	0.03	0.98	-0.33	-0.24	0.86	0.21	
0.48	0.23	1.23	0.21	0.62	1.10	0.77	0.97	-0.31	-0.28	0.85	0.19	
1.61	0.10	1.23	-1.46	0.27	1.67	1.08	0.98	-0.33	-0.27	0.84	0.19	
0.53	-0.39	0.61	0.06	-0.40	0.59	0.47	0.99	-0.32	-0.28	0.86	0.18	
-0.66	-0.29	0.51	1.23	-0.23	-0.03	0.17	0.97	-0.33	-0.26	0.85	0.21	
-1.50	-0.54	0.29	2.00	-0.43	-0.62	-0.21	0.97	-0.34	-0.26	0.86	0.21	
-1.79	-1.18	-0.13	1.50	-0.40	-0.82	-0.68	0.95	-0.34	-0.28	0.86	0.19	
-0.78	-0.33	0.54	0.66	-0.35	-0.31	-0.30	0.98	-0.33	-0.26	0.87	0.19	
0.01	-0.25	0.72	0.04	-0.15	0.57	0.35	0.98	-0.33	-0.26	0.87	0.20	
0.80	-0.02	1.29	-0.59	0.23	1.82	1.08	0.96	-0.34	-0.26	0.84	0.20	
0.83	-0.45	0.87	-0.73	0.03	1.31	0.92	0.96	-0.32	-0.28	0.86	0.19	
-0.23	-0.10	0.64	0.22	-0.24	0.52	0.62	0.98	-0.34	-0.26	0.86	0.20	
-1.01	-0.47	0.55	1.34	-0.15	-0.24	0.13	0.99	-0.34	-0.27	0.82	0.21	
-1.34	-0.88	0.18	1.75	0.15	-0.80	-0.53	0.97	-0.35	-0.28	0.82	0.20	
-1.60	-0.55	0.25	1.79	-0.36	-1.03	-0.86	0.96	-0.33	-0.28	0.85	0.19	
-0.91	-0.55	0.21	1.16	-0.21	-0.34	-0.27	0.99	-0.35	-0.25	0.87	0.21	
-0.04	-0.07	0.86	0.35	0.10	0.63	0.27	0.99	-0.34	-0.27	0.85	0.17	
0.96	-0.02	1.28	-0.99	0.35	1.95	1.11	0.97	-0.34	-0.27	0.85	0.20	
0.84	-0.20	0.95	-0.78	-0.05	1.29	1.03	0.98	-0.33	-0.27	0.86	0.19	
-0.06	-0.34	0.75	0.10	-0.21	0.41	0.63	0.98	-0.33	-0.27	0.86	0.20	
-1.09	-0.73	0.49	1.37	-0.25	-0.15	0.09	0.97	-0.34	-0.27	0.85	0.21	
-1.70	-1.02	0.04	1.70	-0.42	-0.78	-0.61	0.98	-0.35	-0.28	0.83	0.18	
-1.49	-0.88	0.01	1.03	-0.62	-0.76	-0.53	0.99	-0.35	-0.28	0.83	0.21	
-0.54	-0.37	0.36	1.05	-0.25	-0.23	-0.19	0.98	-0.32	-0.27	0.85	0.21	
0.26	-0.05	1.05	0.22	-0.05	0.96	0.37	0.97	-0.33	-0.26	0.86	0.21	
1.00	0.13	1.32	-0.56	0.46	1.93	1.25	0.98	-0.33	-0.24	0.87	0.21	
0.36	-0.39	0.82	-0.10	-0.02	0.94	0.97	0.98	-0.32	-0.25	0.87	0.19	
-0.64	-0.67	0.51	0.91	-0.69	0.18	0.38	0.98	-0.34	-0.25	0.86	0.19	
-1.32	-0.72	0.19	1.72	-0.04	-0.63	-0.40	0.97	-0.34	-0.26	0.86	0.19	
-1.41	-1.13	-0.41	1.75	-0.33	-0.80	-0.60	0.98	-0.34	-0.25	0.87	0.19	
-0.85	-0.37	0.31	1.28	-0.63	-0.22	-0.15	0.97	-0.34	-0.25	0.86	0.19	
-0.02	-0.44	0.94	0.28	0.09	0.71	0.24	0.94	-0.32	-0.24	0.87	0.18	
1.03	-0.10	1.48	-0.63	0.62	2.07	1.27	0.99	-0.32	-0.23	0.88	0.18	
0.05	-0.39	0.81	-0.01	0.06	1.02	1.01	1.00	-0.33	-0.23	0.89	0.15	
-0.68	-0.69	0.51	0.66	-0.29	0.37	0.55	0.97	-0.33	-0.21	0.91	0.15	
-0.89	-0.89	0.20	1.45	-0.57	-0.44	-0.24	0.97	-0.33	-0.25	0.86	0.17	
-0.83	-1.41	-0.28	1.73	-0.48	-0.86	-0.62	0.98	-0.35	-0.22	0.89	0.16	
-1.23	-1.06	0.00	1.67	-0.54	-0.52	-0.29	0.99	-0.33	-0.21	0.87	0.17	
-0.96	-0.15	0.64	0.78	-0.16	0.06	-0.19	0.96	-0.33	-0.17	0.91	0.15	
0.19	-0.31	1.21	0.28	0.70	1.24	0.67	0.96	-0.33	-0.21	0.87	0.17	
0.19	0.01	1.11	-0.68	0.43	1.20	0.97	0.99	-0.34	-0.21	0.89	0.17	
0.16	-0.24	1.03	-0.02	0.35	1.23	1.04	0.97	-0.33	-0.24	0.87	0.18	
-0.59	-0.61	0.54	0.61	-0.06	0.48	0.41	0.96	-0.34	-0.23	0.89	0.20	
-1.08	-0.79	0.12	1.25	0.36	-0.60	-0.36	0.98	-0.35	-0.24	0.86	0.20	
-1.49	-1.32	-0.42	2.06	-0.55	-0.98	-0.55	0.99	-0.32	-0.25	0.86	0.20	
-1.30	-0.65	-0.01	1.87	-0.38	-0.45	-0.40	0.97	-0.33	-0.21	0.88	0.17	
-0.42	-0.21	0.57	0.65	0.34	0.48	0.09	0.99	-0.32	-0.21	0.89	0.18	
0.56	0.06	1.50	-0.31	0.98	1.77	1.20	0.99	-0.31	-0.21	0.90	0.19	
1.10	0.32	1.35	-1.28	1.12	1.82	1.44	0.97	-0.33	-0.21	0.88	0.19	
0.21	-0.10	0.91	0.25	0.47	0.75	0.66	0.96	-0.33	-0.24	0.84	0.18	
-0.96	-0.36	0.34	1.39	-0.09	-0.16	-0.01	0.97	-0.33	-0.23	0.87	0.19	
-1.46	-0.68	-0.13	1.41	-0.24	-0.54	-0.15	0.92	-0.39	-0.23	0.88	0.18	
-1.46	-1.56	-0.64	2.01	-0.49	-0.81	-0.59	0.96	-0.33	-0.24	0.86	0.19	
-1.26	-0.27	0.16	1.44	-0.39	-0.49	-0.49	0.96	-0.32	-0.23	0.85	0.20	
-0.41	-0.06	0.64	0.74	0.23	0.13	0.10	0.98	-0.33	-0.21	0.88	0.18	
0.56	0.09	1.12	-0.90	0.99	1.24	0.75	0.98	-0.33	-0.26	0.87	0.19	
1.03	0.20	1.38	-1.04	0.93	1.74	1.07	0.98	-0.33	-0.22	0.87	0.19	
0.45	0.03	1.13	-0.02	0.30	1.13	0.96	0.99	-0.32	-0.26	0.85	0.21	
-1.23	-0.57	0.12	0.61	-0.13	0.12	0.42	0.96	-0.32	-0.21	0.88	0.18	
-1.26	-0.75	0.09	1.23	-0.18	-0.95	-0.49	0.97	-0.35	-0.23	0.86	0.18	
-1.19	-0.93	-0.22	1.58	-0.52	-1.29	-1.06	0.98	-0.33	-0.25	0.87	0.21	
-1.48	-0.90	-0.11	0.91	-0.14	-1.28	-0.87	1.00	-0.33	-0.23	0.87	0.19	
-0.73	-0.66	0.38	0.56	0.20	-0.07	-0.30	0.97	-0.35	-0.24	0.87	0.19	
0.38	-0.01	1.38	-0.11	0.57	1.37	0.64	0.98	-0.32	-0.22	0.86	0.19	
1.03	0.28	1.53	-0.26	0.92	2.03	1.45	0.98	-0.32	-0.25	0.88	0.22	
0.17	-0.09	0.87	0.06	0.07	0.94	0.98	0.99	-0.34	-0.21	0.87	0.17	
-0.84	-0.60	0.42	0.97	-0.05	-0.10	0.13	0.97	-0.33	-0.22	0.88	0.20	
-1.75	-0.82	-0.02	1.22	-0.37	-0.83	-0.61	0.98	-0.34	-0.23	0.87	0.20	
-1.74	-1.95	-0.78	1.70	-0.73	-1.25	-0.74	0.97	-0.33	-0.23	0.87	0.20	
-1.15	-0.69	0.10	1.26	-0.32	-0.68	-0.68	0.97	-0.34	-0.22	0.87	0.19	
-0.20	-0.17	0.79	0.46	0.11	0.40	0.00	0.97	-0.33	-0.21	0.87	0.20	
0.97	0.18	1.32	-0.73	0.75	1.70	1.14	0.98	-0.33	-0.22	0.87	0.19	
1.53	0.18	0.84	-0.94	0.45	1.49	1.21	0.98	-0.32	-0.19	0.94	0.21	
0.13	-0.50	0.59	0.11	-0.07	0.61	0.52	0.98	-0.34	-0.24	0.87	0.18	
-1.05	-0.55	0.57	0.90	-0.25	-0.03	0.02	0.96	-0.34	-0.27	0.85	0.20	
-1.33	-1.14	0.09	1.53	-0.28	-0.61	-0.24	0.98	-0.34	-0.23	0.87	0.20	
-1.45	-1.05	-0.04	1.67	-0.93	-1.12	-0.70	0.96	-0.34	-0.24	0.84	0.21	
-0.69	-1.20	0.03	0.95	-0.57	-0.53	-0.63	0.97	-0.33	-0.33	0.74	0.16	
-0.23	-0.28	0.76	0.83	-0.25	0.39	0.21	0.97	-0.34	-0.26	0.90	0.21	
0.50	0.05	1.42	-0.46	0.79	1.35	0.91	0.99	-0.33	-0.24	0.86	0.20	
0.62	0.12	1.18	-0.69	0.62	1.45	0.96	0.96	-0.35	-0.24	0.86	0.20	
-0.04	0.43	0.96	1.48	-0.33	0.46	0.40	0.97	-0.35	-0.23	0.87	0.20	
-0.92	-0.51	0.34	0.82	-0.62	-0.01	0.18	0.98	-0.34	-0.25	0.88	0.20	
-1.10	-0.96	-0.07	1.48	-0.28	-0.70	-0.30	0.97	-0.33	-0.25	0.86	0.21	
-1.86	-1.45	-0.29	1.52	-0.98	-1.10	-0.93	0.98	-0.35	-0.25	0.88	0.21	
-1.09	-0.62	-0.07	1.16	-0.57	-0.55	-0.43	0.99	-0.33	-0.23	0.89	0.21	
-0.31	-0.14	0.64	0.48	-0.10	0.22	0.00	0.96	-0.33	-0.24	0.86	0.18	
0.90	0.21	1.55	-0.49	0.65	2.03	1.11	0.97	-0.35	-0.24	0.87	0.20	
0.84	0.03	1.01	-0.32	0.22	1.34	1.04	0.97	-0.33	-0.25	0.87	0.19	
-0.40	-0.32	0.38	0.69	-0.38	0.30	0.56	0.98	-0.34	-0.24	0.87	0.19	
-1.28	-0.75	-0.17	1.58	-0.31	-0.62	-0.24	0.97	-0.33	-0.24	0.87	0.20	
-2.02	-0.99	-0.24	1.80	-0.78	-1.00	-0.83	0.97	-0.33	-0.26	0.86	0.20	
-1.43	-0.99	0.08	1.38	-0.76	-0.64	-0.42	0.97	-0.33	-0.25	0.86	0.21	
-0.55	-0.72	0.06	0.78	-0.13	0.06	-0.14	0.97	-0.34	-0.23	0.88	0.18	
0.55	0.06	1.28	0.02	0.52	1.46	0.73	0.98	-0.34	-0.24	0.83	0.20	
0.77	0.26	1.05	-0.82	0.49	1.86	1.34	0.97	-0.33	-0.23	0.88	0.21	
0.13	-0.44	0.55	-0.02	-0.19	0.72	0.85	0.98	-0.33	-0.24	0.85	0.21	
-0.81	-0.70	0.16	0.84	-0.33	0.07	0.21	0.96	-0.31	-0.25	0.85	0.18	
-1.33	-1.22	-0.32	1.65	-0.44	-0.62	-0.46	0.97	-0.33	-0.24	0.85	0.20	
-1.73	-0.91	0.09	1.83	-0.84	-1.09	-0.65	0.98	-0.32	-0.24	0.85	0.21	
-0.82	-0.36	0.53	1.00	-0.49	-0.35	-0.33	0.97	-0.36	-0.25	0.86	0.21	
0.16	-0.34	0.99	0.37	0.01	0.62	0.15	0.97	-0.33	-0.25	0.84	0.18	
0.68	0.62	1.40	-1.44	1.40	2.00	1.32	0.98	-0.32	-0.24	0.85	0.17	
0.44	-0.24	0.86	-0.36	0.27	1.28	1.19	0.98	-0.32	-0.24	0.86	0.18	
-0.52	-0.61	0.49	0.30	-0.13	0.31	0.44	0.98	-0.34	-0.25	0.86	0.19	
-1.27	-0.97	0.08	1.19	-0.20	-0.61	-0.40	0.97	-0.31	-0.28	0.85	0.19	
-1.30	-1.08	-0.22	1.57	-0.54	-1.38	-0.86	0.98	-0.33	-0.24	0.88	0.17	
-1.35	-0.98	-0.03	1.46	-0.82	-1.03	-0.74	0.96	-0.33	-0.21	0.93	0.18	
-0.59	-0.48	0.48	0.61	-0.05	0.08	-0.27	0.98	-0.34	-0.25	0.84	0.19	
0.24	-0.21	1.10	-0.54	0.23	1.19	0.74	1.00	-0.32	-0.25	0.87	0.18	
1.21	-0.18	1.20	-0.54	1.04	1.59	1.23	0.99	-0.32	-0.27	0.87	0.19	
0.23	-0.42	0.77	-0.16	-0.15	0.73	0.58	0.99	-0.33	-0.27	0.84	0.16	
-0.79	-0.68	0.37	0.87	-0.43	-0.18	-0.10	0.98	-0.30	-0.28	0.87	0.19	
-1.10	-1.10	-0.18	1.68	-0.52	-1.14	-0.59	0.99	-0.30	-0.25	0.87	0.19	
-1.46	-1.09	-0.17	1.30	-0.69	-0.87	-0.68	0.97	-0.31	-0.25	0.87	0.19	
-0.86	-0.70	0.25	1.02	-0.46	-0.38	-0.50	0.98	-0.32	-0.23	0.88	0.19	
-0.21	-0.45	0.84	0.49	-0.10	0.81	0.54	0.97	-0.31	-0.25	0.87	0.18	
0.60	-0.89	1.23	-0.78	0.63	1.84	1.22	0.99	-0.31	-0.25	0.87	0.16	
0.29	-0.22	0.83	-0.53	0.20	1.44	0.97	0.99	-0.32	-0.26	0.87	0.17	
-0.48	-0.63	0.35	0.29	-0.44	0.42	0.44	0.99	-0.31	-0.27	0.86	0.18	
-0.88	-0.60	0.04	1.16	-0.53	-0.71	-0.21	0.99	-0.31	-0.26	0.85	0.18	
-1.32	-1.17	-0.50	1.78	-0.55	-1.41	-0.89	0.98	-0.31	-0.25	0.87	0.18	
-1.11	-0.73	0.59	1.29	-0.63	-0.69	-0.75	0.98	-0.32	-0.25	0.89	0.18	
-0.60	-0.70	0.55	0.54	-0.30	0.37	0.20	0.98	-0.31	-0.26	0.87	0.15	
-0.02	-0.11	1.40	0.09	0.17	1.55	1.02	0.97	-0.33	-0.25	0.86	0.17	
0.50	0.10	1.29	-0.14	0.01	1.61	1.06	0.98	-0.32	-0.26	0.87	0.18	
-0.18	-0.43	0.40	-0.16	-0.18	0.62	0.55	0.98	-0.32	-0.25	0.87	0.17	
-0.91	-0.72	0.23	0.79	-0.29	-0.38	0.04	0.99	-0.33	-0.25	0.86	0.19	
-1.28	-0.82	0.20	1.48	-0.79	-0.95	-0.55	0.98	-0.31	-0.26	0.84	0.19	
-1.42	-0.94	0.13	1.17	-0.73	-1.00	-0.90	0.99	-0.32	-0.25	0.85	0.17	
-0.93	-0.50	0.25	0.90	-0.63	-0.29	-0.28	0.98	-0.31	-0.24	0.80	0.11	
-0.17	-0.16	1.07	0.41	-0.07	0.72	0.40	0.97	-0.31	-0.26	0.85	0.17	
0.23	-0.16	1.36	-1.75	0.09	1.89	1.10	0.97	-0.33	-0.24	0.87	0.19	
0.10	-0.23	0.84	-0.10	-0.26	1.13	0.85	0.97	-0.28	-0.24	0.86	0.17	
-0.68	-0.66	0.35	0.62	-0.36	0.20	0.43	0.98	-0.30	-0.25	0.87	0.18	
-1.47	-0.31	0.41	1.69	-0.40	-1.08	-0.50	0.98	-0.31	-0.25	0.86	0.19	
-1.60	-1.12	-0.20	1.57	-0.88	-1.05	-0.92	0.97	-0.33	-0.24	0.83	0.17	
-1.11	-0.42	0.37	1.25	-0.55	-0.34	-0.33	1.00	-0.33	-0.22	0.94	0.19	
-0.21	-0.21	0.83	0.40	0.26	0.92	0.54	0.99	-0.30	-0.21	0.91	0.16	
0.10	1.97	1.72	-2.08	1.45	1.55	0.90	0.98	-0.30	-0.24	0.87	0.16	
0.29	0.59	1.45	-0.21	-0.02	1.37	0.96	1.00	-0.32	-0.26	0.86	0.19	
-1.04	-1.09	0.01	0.61	-0.83	0.59	0.68	0.99	-0.32	-0.25	0.88	0.18	
-1.76	-0.98	-0.22	0.87	-0.92	0.31	0.46	1.00	-0.33	-0.24	0.86	0.19	
-0.42	-1.08	-0.02	0.85	-0.15	0.70	0.45	0.99	-0.32	-0.24	0.85	0.18	
0.32	-0.08	1.28	0.40	-0.04	1.08	0.74	0.98	-0.31	-0.25	0.88	0.19	
-0.47	-0.46	1.28	1.36	0.30	1.15	1.04	0.97	-0.31	-0.25	0.87	0.18	
-0.39	-0.84	0.37	0.22	-0.52	0.64	0.69	0.98	-0.33	-0.24	0.87	0.18	
-0.36	-0.37	0.55	0.36	-0.33	0.68	0.51	0.98	-0.31	-0.28	0.85	0.17	
-0.95	-0.37	0.22	0.38	-0.33	0.55	0.37	0.97	-0.33	-0.25	0.85	0.19	
-1.02	-0.51	0.89	0.54	-0.15	0.57	0.54	1.00	-0.31	-0.25	0.85	0.21	
-0.73	-0.48	0.72	0.62	-0.16	0.83	0.79	0.93	-0.37	-0.22	0.89	0.21	
-0.87	-0.25	0.36	0.35	-0.09	0.84	0.68	0.99	-0.41	-0.26	0.83	0.19	
-1.01	-0.29	0.59	0.61	-0.13	0.94	0.62	0.98	-0.36	-0.22	0.83	0.20	
-0.62	-0.29	0.27	0.45	-0.12	0.69	0.61	0.95	-0.42	-0.21	0.85	0.24	
-0.84	-0.27	0.47	0.86	-0.01	0.54	0.62	0.96	-0.39	-0.21	0.88	0.25	
-0.41	-0.16	0.37	0.47	-0.36	0.35	0.41	0.96	-0.40	-0.19	0.84	0.24	
-0.98	-0.38	0.42	1.81	-0.25	0.05	-0.15	0.97	-0.42	-0.24	0.86	0.25	
-0.87	-0.27	0.67	0.91	0.25	0.51	0.27	0.97	-0.35	-0.21	0.89	0.21	
-0.83	-0.49	0.36	0.97	0.68	0.52	0.50	0.99	-0.36	-0.20	0.88	0.24	
-1.06	-0.34	0.37	0.86	0.74	0.68	0.62	0.97	-0.38	-0.17	0.89	0.25	
-1.12	-0.36	0.29	0.80	0.51	0.51	0.40	0.95	-0.37	-0.18	0.86	0.25	
-1.12	-0.37	0.27	0.65	0.40	0.58	0.34	0.96	-0.38	-0.17	0.85	0.27	
-0.96	-0.21	0.42	0.59	0.51	0.52	0.45	0.94	-0.36	-0.18	0.86	0.26	
-0.90	-0.31	0.34	0.70	0.46	0.55	0.58	0.97	-0.37	-0.18	0.86	0.27	
-0.91	-0.26	0.39	0.78	0.49	0.49	0.46	0.93	-0.40	-0.19	0.86	0.24	
-0.91	-0.30	0.38	0.67	0.44	0.52	0.31	0.95	-0.40	-0.19	0.86	0.25	
-0.98	-0.27	0.38	0.70	0.46	0.53	0.34	0.97	-0.37	-0.17	0.85	0.23	
-0.98	-0.29	0.39	0.62	0.48	0.57	0.53	0.98	-0.37	-0.17	0.86	0.26	
-0.97	-0.29	0.38	0.68	0.25	0.53	0.58	0.96	-0.37	-0.19	0.86	0.24	
-0.98	-0.28	0.38	0.57	0.52	0.63	0.50	0.95	-0.39	-0.17	0.84	0.27	
-0.97	-0.28	0.37	0.80	0.41	0.47	0.28	0.95	-0.40	-0.20	0.86	0.26	
-0.98	-0.27	0.40	0.70	0.40	0.53	0.41	0.95	-0.39	-0.18	0.86	0.27	
-0.95	-0.30	0.39	0.67	0.43	0.60	0.59	0.97	-0.39	-0.18	0.87	0.27	
-0.99	-0.29	0.37	0.65	0.49	0.54	0.54	0.95	-0.39	-0.19	0.84	0.28	
-0.97	-0.30	0.39	0.60	0.47	0.57	0.38	0.94	-0.38	-0.18	0.86	0.23	
-1.01	-0.30	0.37	0.67	0.44	0.54	0.33	0.96	-0.40	-0.20	0.84	0.25	
-0.94	-0.27	0.36	0.69	0.41	0.54	0.49	0.97	-0.38	-0.16	0.86	0.24	
-0.93	-0.28	0.38	0.71	0.43	0.53	0.58	0.96	-0.40	-0.17	0.88	0.24	
-0.95	-0.27	0.37	0.69	0.39	0.54	0.46	0.96	-0.39	-0.18	0.86	0.24	
-0.96	-0.29	0.37	0.65	0.44	0.51	0.30	0.96	-0.38	-0.19	0.86	0.27	
-0.97	-0.29	0.37	0.68	0.44	0.53	0.37	0.96	-0.39	-0.19	0.85	0.25	
-0.97	-0.29	0.38	0.66	0.41	0.56	0.55	0.97	-0.39	-0.17	0.87	0.27	
-0.95	-0.32	0.35	0.67	0.42	0.55	0.58	0.95	-0.38	-0.18	0.85	0.27	
-0.95	-0.30	0.38	0.66	0.42	0.53	0.41	0.94	-0.39	-0.18	0.86	0.26	
-0.97	-0.28	0.37	0.68	0.40	0.53	0.30	0.94	-0.40	-0.18	0.84	0.26	
-0.94	-0.28	0.37	0.71	0.39	0.52	0.42	0.96	-0.40	-0.18	0.86	0.26	
-0.95	-0.29	0.35	0.72	0.45	0.51	0.55	0.97	-0.39	-0.18	0.86	0.24	
-0.96	-0.29	0.37	0.66	0.41	0.52	0.49	0.95	-0.39	-0.19	0.86	0.26	
-0.98	-0.31	0.36	0.72	0.43	0.51	0.33	0.96	-0.39	-0.18	0.85	0.24	
-0.97	-0.32	0.36	0.66	0.36	0.56	0.35	0.95	-0.40	-0.17	0.86	0.25	
-0.95	-0.29	0.36	0.78	0.62	0.55	0.52	0.96	-0.38	-0.17	0.85	0.25	
-0.97	-0.29	0.39	0.69	0.45	0.51	0.58	0.97	-0.40	-0.17	0.86	0.25	
-0.96	-0.28	0.37	0.75	0.39	0.46	0.41	0.96	-0.41	-0.18	0.86	0.25	
-0.94	-0.29	0.38	0.64	0.48	0.53	0.29	0.96	-0.40	-0.18	0.86	0.26	
-0.94	-0.29	0.37	0.74	0.40	0.54	0.38	0.96	-0.40	-0.18	0.85	0.26	
-0.95	-0.30	0.39	0.63	0.45	0.53	0.55	0.95	-0.38	-0.17	0.86	0.27	
-0.93	-0.30	0.37	0.62	0.38	0.58	0.57	0.95	-0.40	-0.19	0.85	0.26	
-0.95	-0.30	0.37	0.67	0.37	0.54	0.40	0.95	-0.41	-0.18	0.87	0.27	
-0.95	-0.29	0.38	0.66	0.38	0.54	0.32	0.96	-0.39	-0.18	0.86	0.25	
-0.93	-0.29	0.38	0.70	0.40	0.54	0.45	0.97	-0.39	-0.18	0.86	0.25	
-0.96	-0.31	0.38	0.62	0.38	0.57	0.60	0.97	-0.40	-0.18	0.87	0.25	
-0.96	-0.30	0.39	0.70	0.44	0.52	0.49	0.94	-0.39	-0.18	0.85	0.26	
-0.96	-0.30	0.38	0.73	0.40	0.51	0.33	0.96	-0.39	-0.19	0.86	0.25	
-0.95	-0.31	0.37	0.68	0.40	0.56	0.36	0.95	-0.40	-0.17	0.86	0.28	
-0.94