473.00 608.00 557.00 555.00 496.00 595.00 502.00 598.00 465.00 524.00 598.00 442.00 
471.00 607.00 556.00 554.00 499.00 596.00 500.00 597.00 466.00 522.00 598.00 441.00 
468.00 607.00 554.00 555.00 500.00 594.00 500.00 598.00 467.00 522.00 598.00 443.00 
474.00 608.00 554.00 554.00 498.00 594.00 500.00 598.00 467.00 522.00 597.00 441.00 
470.00 607.00 554.00 556.00 497.00 596.00 499.00 599.00 467.00 521.00 598.00 441.00 
471.00 608.00 553.00 557.00 499.00 593.00 499.00 599.00 467.00 522.00 597.00 440.00 
471.00 608.00 553.00 558.00 501.00 595.00 498.00 598.00 468.00 522.00 597.00 440.00 
469.00 608.00 553.00 557.00 499.00 593.00 498.00 597.00 467.00 522.00 597.00 440.00 
471.00 608.00 553.00 556.00 499.00 594.00 498.00 598.00 469.00 523.00 596.00 440.00 
472.00 608.00 553.00 558.00 500.00 594.00 497.00 598.00 468.00 524.00 596.00 441.00 
470.00 607.00 553.00 554.00 497.00 593.00 497.00 599.00 467.00 522.00 597.00 441.00 
470.00 608.00 554.00 559.00 497.00 592.00 497.00 598.00 468.00 523.00 597.00 440.00 
470.00 608.00 556.00 567.00 538.00 558.00 497.00 597.00 468.00 524.00 598.00 441.00 
473.00 609.00 555.00 523.00 535.00 592.00 498.00 598.00 469.00 525.00 598.00 442.00 
467.00 608.00 557.00 575.00 563.00 545.00 499.00 598.00 467.00 523.00 597.00 442.00 
472.00 608.00 556.00 549.00 594.00 539.00 500.00 599.00 468.00 523.00 597.00 441.00 
472.00 609.00 552.00 553.00 597.00 547.00 501.00 599.00 467.00 524.00 598.00 441.00 
471.00 606.00 555.00 555.00 598.00 546.00 499.00 599.00 467.00 525.00 598.00 441.00 
473.00 607.00 555.00 557.00 597.00 544.00 501.00 598.00 468.00 523.00 597.00 442.00 
471.00 605.00 555.00 558.00 598.00 545.00 499.00 598.00 467.00 527.00 597.00 442.00 
473.00 607.00 555.00 558.00 596.00 545.00 499.00 599.00 467.00 524.00 597.00 441.00 
472.00 606.00 555.00 557.00 596.00 544.00 500.00 597.00 466.00 524.00 597.00 441.00 
471.00 607.00 557.00 556.00 597.00 543.00 499.00 597.00 468.00 524.00 597.00 440.00 
472.00 608.00 555.00 558.00 597.00 544.00 499.00 598.00 466.00 525.00 597.00 441.00 
471.00 607.00 556.00 557.00 596.00 543.00 498.00 599.00 468.00 525.00 597.00 441.00 
471.00 608.00 556.00 557.00 597.00 543.00 500.00 598.00 468.00 526.00 598.00 441.00 
471.00 608.00 557.00 557.00 598.00 544.00 499.00 597.00 468.00 525.00 598.00 440.00 
472.00 611.00 554.00 555.00 600.00 542.00 499.00 597.00 467.00 524.00 597.00 443.00 
480.00 608.00 552.00 556.00 597.00 542.00 507.00 597.00 465.00 520.00 602.00 443.00 
463.00 601.00 557.00 562.00 597.00 539.00 503.00 599.00 463.00 521.00 598.00 442.00 
475.00 607.00 557.00 563.00 595.00 540.00 508.00 596.00 462.00 518.00 599.00 442.00 
472.00 607.00 555.00 559.00 596.00 541.00 507.00 597.00 462.00 520.00 599.00 441.00 
471.00 604.00 557.00 558.00 597.00 541.00 506.00 597.00 462.00 521.00 599.00 443.00 
471.00 605.00 557.00 561.00 596.00 542.00 506.00 597.00 462.00 520.00 598.00 442.00 
470.00 606.00 558.00 559.00 596.00 543.00 507.00 596.00 462.00 522.00 599.00 441.00 
418.00 578.00 585.00 596.00 562.00 580.00 507.00 596.00 463.00 521.00 598.00 442.00 
407.00 538.00 567.00 607.00 490.00 553.00 509.00 597.00 463.00 518.00 600.00 443.00 
473.00 532.00 534.00 539.00 457.00 593.00 507.00 599.00 462.00 516.00 600.00 450.00 
466.00 455.00 598.00 524.00 432.00 577.00 510.00 595.00 463.00 518.00 600.00 443.00 
455.00 469.00 543.00 543.00 443.00 540.00 509.00 597.00 464.00 518.00 607.00 433.00 
352.00 465.00 523.00 666.00 441.00 494.00 509.00 596.00 463.00 519.00 581.00 437.00 
482.00 448.00 587.00 515.00 445.00 577.00 506.00 598.00 463.00 520.00 597.00 439.00 
483.00 435.00 612.00 474.00 441.00 599.00 506.00 597.00 462.00 521.00 598.00 442.00 
424.00 473.00 530.00 577.00 445.00 508.00 507.00 598.00 463.00 521.00 604.00 442.00 
367.00 474.00 542.00 642.00 437.00 504.00 504.00 597.00 462.00 521.00 591.00 445.00 
452.00 445.00 564.00 525.00 437.00 549.00 505.00 596.00 463.00 519.00 597.00 443.00 
491.00 431.00 576.00 467.00 421.00 578.00 505.00 596.00 463.00 522.00 593.00 442.00 
419.00 465.00 543.00 584.00 447.00 519.00 506.00 596.00 463.00 524.00 603.00 444.00 
388.00 452.00 543.00 645.00 438.00 505.00 506.00 597.00 463.00 520.00 597.00 442.00 
446.00 462.00 555.00 554.00 441.00 546.00 508.00 597.00 463.00 521.00 598.00 442.00 
526.00 424.00 618.00 445.00 438.00 607.00 508.00 597.00 463.00 522.00 598.00 445.00 
451.00 465.00 559.00 545.00 439.00 530.00 507.00 598.00 463.00 522.00 600.00 438.00 
395.00 457.00 546.00 636.00 458.00 502.00 506.00 597.00 464.00 521.00 600.00 443.00 
368.00 486.00 562.00 617.00 465.00 512.00 507.00 597.00 463.00 521.00 598.00 441.00 
571.00 415.00 562.00 438.00 435.00 607.00 507.00 597.00 463.00 522.00 594.00 446.00 
462.00 469.00 573.00 506.00 451.00 556.00 507.00 597.00 463.00 518.00 595.00 442.00 
397.00 465.00 557.00 639.00 461.00 502.00 507.00 597.00 464.00 521.00 601.00 439.00 
368.00 472.00 580.00 639.00 435.00 503.00 505.00 596.00 463.00 521.00 599.00 441.00 
463.00 453.00 556.00 506.00 452.00 564.00 504.00 596.00 463.00 523.00 601.00 439.00 
497.00 422.00 584.00 509.00 403.00 569.00 504.00 595.00 464.00 521.00 598.00 436.00 
486.00 439.00 569.00 503.00 460.00 563.00 505.00 597.00 463.00 523.00 596.00 441.00 
469.00 421.00 566.00 550.00 452.00 575.00 505.00 598.00 464.00 523.00 597.00 439.00 
448.00 531.00 620.00 575.00 488.00 568.00 507.00 597.00 464.00 524.00 594.00 439.00 
451.00 635.00 578.00 573.00 624.00 574.00 506.00 598.00 465.00 521.00 599.00 440.00 
462.00 612.00 555.00 563.00 613.00 542.00 505.00 598.00 464.00 519.00 598.00 441.00 
471.00 606.00 556.00 557.00 594.00 547.00 504.00 598.00 464.00 523.00 596.00 439.00 
473.00 616.00 556.00 557.00 598.00 547.00 503.00 598.00 465.00 522.00 597.00 440.00 
473.00 614.00 558.00 555.00 596.00 545.00 503.00 598.00 464.00 522.00 597.00 440.00 
481.00 612.00 557.00 552.00 596.00 546.00 502.00 598.00 466.00 523.00 596.00 440.00 
475.00 606.00 557.00 556.00 597.00 545.00 502.00 598.00 465.00 523.00 597.00 439.00 
475.00 603.00 559.00 555.00 596.00 546.00 502.00 598.00 465.00 523.00 598.00 439.00 
475.00 608.00 557.00 555.00 598.00 545.00 501.00 597.00 466.00 525.00 596.00 439.00 
472.00 607.00 558.00 556.00 596.00 546.00 502.00 598.00 466.00 524.00 596.00 439.00 
475.00 607.00 558.00 556.00 597.00 546.00 500.00 598.00 465.00 525.00 596.00 440.00 
474.00 608.00 557.00 556.00 596.00 546.00 499.00 597.00 467.00 525.00 597.00 439.00 
475.00 607.00 557.00 556.00 597.00 545.00 500.00 597.00 467.00 526.00 596.00 440.00 
474.00 608.00 558.00 555.00 596.00 545.00 501.00 598.00 466.00 525.00 596.00 440.00 
474.00 609.00 556.00 556.00 597.00 545.00 500.00 597.00 466.00 525.00 596.00 439.00 
474.00 608.00 556.00 556.00 597.00 545.00 500.00 597.00 465.00 525.00 595.00 439.00 
475.00 607.00 557.00 557.00 596.00 545.00 500.00 597.00 466.00 525.00 596.00 439.00 
475.00 607.00 555.00 556.00 596.00 545.00 499.00 598.00 466.00 526.00 596.00 439.00 
475.00 608.00 556.00 557.00 597.00 545.00 500.00 597.00 465.00 525.00 595.00 439.00 
473.00 609.00 555.00 559.00 594.00 548.00 500.00 598.00 466.00 525.00 595.00 439.00 
474.00 609.00 555.00 559.00 602.00 557.00 499.00 597.00 466.00 525.00 596.00 440.00 
475.00 609.00 554.00 586.00 546.00 580.00 498.00 598.00 468.00 525.00 595.00 438.00 
477.00 609.00 557.00 575.00 505.00 571.00 499.00 597.00 466.00 526.00 596.00 439.00 
475.00 607.00 555.00 584.00 497.00 568.00 499.00 597.00 467.00 526.00 595.00 439.00 
475.00 608.00 555.00 561.00 500.00 593.00 498.00 598.00 468.00 526.00 596.00 439.00 
477.00 609.00 555.00 563.00 492.00 593.00 499.00 598.00 468.00 527.00 596.00 439.00 
479.00 610.00 556.00 557.00 496.00 594.00 497.00 598.00 468.00 526.00 594.00 439.00 
477.00 609.00 555.00 559.00 495.00 592.00 497.00 597.00 468.00 525.00 594.00 439.00 
479.00 610.00 555.00 560.00 494.00 594.00 496.00 598.00 468.00 526.00 596.00 438.00 
479.00 610.00 554.00 556.00 495.00 591.00 496.00 598.00 468.00 525.00 596.00 439.00 
479.00 610.00 554.00 561.00 496.00 592.00 497.00 597.00 468.00 526.00 595.00 439.00 
479.00 609.00 555.00 559.00 495.00 592.00 498.00 597.00 468.00 526.00 596.00 439.00 
479.00 610.00 555.00 561.00 495.00 592.00 496.00 599.00 468.00 525.00 595.00 439.00 
478.00 610.00 555.00 560.00 495.00 593.00 497.00 598.00 468.00 525.00 595.00 438.00 
478.00 610.00 555.00 560.00 495.00 592.00 497.00 598.00 468.00 525.00 596.00 439.00 
477.00 610.00 554.00 562.00 496.00 590.00 497.00 598.00 468.00 525.00 595.00 439.00 
479.00 611.00 554.00 562.00 496.00 592.00 496.00 597.00 467.00 526.00 595.00 439.00 
479.00 610.00 555.00 563.00 494.00 592.00 496.00 599.00 469.00 525.00 595.00 439.00 
479.00 611.00 554.00 561.00 494.00 591.00 497.00 598.00 468.00 524.00 595.00 439.00 
480.00 610.00 553.00 559.00 499.00 595.00 496.00 597.00 469.00 526.00 595.00 438.00 
479.00 611.00 555.00 564.00 493.00 592.00 496.00 597.00 468.00 525.00 596.00 439.00 
479.00 610.00 554.00 562.00 495.00 591.00 497.00 597.00 468.00 526.00 596.00 438.00 
478.00 611.00 554.00 564.00 494.00 592.00 497.00 598.00 468.00 526.00 595.00 439.00 
