444.00 495.00 598.00 549.00 507.00 597.00 530.00 593.00 458.00 525.00 594.00 438.00 
442.00 497.00 598.00 546.00 508.00 597.00 530.00 593.00 457.00 524.00 594.00 437.00 
444.00 496.00 598.00 547.00 507.00 599.00 530.00 592.00 458.00 525.00 595.00 437.00 
443.00 497.00 598.00 547.00 508.00 598.00 531.00 592.00 457.00 525.00 595.00 437.00 
443.00 496.00 598.00 549.00 508.00 599.00 530.00 592.00 457.00 525.00 594.00 437.00 
443.00 498.00 599.00 552.00 507.00 597.00 530.00 593.00 458.00 524.00 594.00 437.00 
444.00 498.00 599.00 548.00 508.00 599.00 529.00 593.00 457.00 524.00 594.00 437.00 
442.00 495.00 597.00 549.00 509.00 597.00 530.00 593.00 458.00 525.00 595.00 437.00 
439.00 499.00 599.00 549.00 509.00 598.00 530.00 593.00 458.00 524.00 593.00 437.00 
442.00 499.00 597.00 550.00 509.00 599.00 530.00 593.00 457.00 524.00 593.00 438.00 
430.00 487.00 585.00 547.00 509.00 599.00 530.00 594.00 458.00 525.00 595.00 437.00 
432.00 488.00 593.00 541.00 511.00 600.00 526.00 604.00 473.00 525.00 595.00 440.00 
420.00 503.00 579.00 544.00 515.00 599.00 468.00 607.00 443.00 517.00 601.00 442.00 
482.00 503.00 550.00 542.00 519.00 594.00 532.00 583.00 478.00 514.00 600.00 440.00 
409.00 544.00 602.00 529.00 530.00 574.00 476.00 601.00 454.00 514.00 608.00 443.00 
455.00 587.00 587.00 545.00 566.00 591.00 510.00 600.00 460.00 543.00 602.00 448.00 
478.00 597.00 583.00 593.00 583.00 557.00 509.00 596.00 456.00 518.00 606.00 451.00 
455.00 602.00 559.00 558.00 590.00 552.00 505.00 594.00 460.00 529.00 600.00 441.00 
464.00 599.00 563.00 556.00 592.00 554.00 506.00 593.00 462.00 531.00 597.00 442.00 
464.00 599.00 563.00 561.00 589.00 553.00 507.00 595.00 461.00 531.00 597.00 443.00 
458.00 599.00 560.00 562.00 593.00 550.00 506.00 595.00 460.00 530.00 597.00 444.00 
465.00 599.00 561.00 562.00 591.00 553.00 505.00 595.00 461.00 528.00 597.00 444.00 
462.00 601.00 560.00 559.00 589.00 555.00 506.00 596.00 462.00 528.00 597.00 444.00 
459.00 600.00 560.00 559.00 591.00 553.00 504.00 599.00 464.00 531.00 597.00 443.00 
459.00 599.00 558.00 560.00 589.00 553.00 506.00 595.00 461.00 531.00 598.00 443.00 
460.00 599.00 559.00 560.00 589.00 554.00 507.00 594.00 459.00 531.00 598.00 444.00 
461.00 600.00 560.00 559.00 590.00 554.00 506.00 596.00 461.00 530.00 598.00 443.00 
459.00 599.00 559.00 560.00 590.00 552.00 508.00 595.00 460.00 530.00 598.00 442.00 
461.00 600.00 560.00 558.00 590.00 552.00 508.00 595.00 460.00 529.00 597.00 443.00 
460.00 600.00 558.00 558.00 591.00 553.00 506.00 596.00 461.00 530.00 598.00 442.00 
460.00 600.00 559.00 558.00 591.00 553.00 505.00 595.00 460.00 530.00 597.00 442.00 
461.00 600.00 558.00 559.00 590.00 553.00 506.00 596.00 461.00 531.00 596.00 442.00 
457.00 600.00 560.00 556.00 592.00 551.00 505.00 596.00 463.00 531.00 597.00 441.00 
462.00 601.00 558.00 560.00 590.00 553.00 505.00 596.00 462.00 530.00 597.00 442.00 
459.00 600.00 558.00 558.00 591.00 553.00 505.00 596.00 462.00 532.00 598.00 442.00 
459.00 596.00 553.00 559.00 587.00 560.00 488.00 606.00 476.00 530.00 598.00 437.00 
459.00 600.00 552.00 545.00 577.00 569.00 515.00 617.00 482.00 532.00 596.00 442.00 
459.00 581.00 534.00 539.00 559.00 562.00 491.00 579.00 513.00 551.00 583.00 437.00 
453.00 578.00 568.00 532.00 552.00 570.00 444.00 624.00 508.00 571.00 581.00 462.00 
450.00 625.00 597.00 610.00 553.00 573.00 440.00 587.00 501.00 567.00 606.00 408.00 
492.00 560.00 574.00 563.00 554.00 519.00 477.00 602.00 476.00 509.00 571.00 434.00 
500.00 594.00 580.00 585.00 577.00 517.00 518.00 610.00 473.00 573.00 642.00 531.00 
465.00 589.00 572.00 596.00 588.00 525.00 505.00 604.00 481.00 516.00 615.00 450.00 
470.00 599.00 588.00 596.00 562.00 536.00 499.00 607.00 479.00 469.00 640.00 575.00 
487.00 563.00 581.00 594.00 546.00 530.00 467.00 621.00 471.00 517.00 637.00 452.00 
486.00 567.00 603.00 588.00 512.00 567.00 455.00 580.00 492.00 457.00 642.00 641.00 
404.00 582.00 609.00 571.00 600.00 587.00 455.00 617.00 518.00 576.00 594.00 437.00 
435.00 585.00 549.00 539.00 572.00 556.00 485.00 569.00 520.00 557.00 581.00 426.00 
467.00 591.00 556.00 566.00 597.00 565.00 476.00 580.00 475.00 504.00 606.00 446.00 
448.00 595.00 561.00 561.00 582.00 553.00 506.00 592.00 462.00 507.00 600.00 447.00 
453.00 597.00 559.00 569.00 584.00 556.00 516.00 595.00 458.00 527.00 604.00 453.00 
450.00 596.00 559.00 567.00 583.00 556.00 512.00 590.00 448.00 528.00 607.00 449.00 
453.00 603.00 557.00 565.00 589.00 555.00 509.00 594.00 450.00 526.00 599.00 449.00 
452.00 599.00 557.00 557.00 588.00 556.00 508.00 594.00 454.00 527.00 601.00 446.00 
454.00 598.00 557.00 559.00 589.00 555.00 508.00 593.00 455.00 529.00 601.00 445.00 
457.00 599.00 557.00 558.00 589.00 557.00 510.00 587.00 455.00 530.00 599.00 443.00 
457.00 598.00 559.00 557.00 587.00 556.00 508.00 592.00 457.00 529.00 600.00 445.00 
457.00 601.00 557.00 559.00 587.00 556.00 506.00 595.00 453.00 530.00 600.00 444.00 
457.00 600.00 557.00 558.00 589.00 556.00 507.00 594.00 455.00 529.00 598.00 444.00 
456.00 599.00 558.00 557.00 588.00 556.00 508.00 593.00 455.00 531.00 599.00 445.00 
455.00 599.00 558.00 560.00 588.00 556.00 507.00 592.00 455.00 531.00 600.00 446.00 
457.00 600.00 556.00 559.00 587.00 554.00 507.00 597.00 457.00 531.00 600.00 444.00 
459.00 600.00 557.00 558.00 590.00 554.00 507.00 592.00 455.00 532.00 599.00 445.00 
461.00 601.00 559.00 558.00 591.00 553.00 505.00 592.00 454.00 532.00 600.00 446.00 
458.00 599.00 560.00 556.00 590.00 555.00 508.00 592.00 455.00 532.00 601.00 444.00 
458.00 599.00 557.00 556.00 591.00 558.00 509.00 592.00 454.00 528.00 599.00 444.00 
459.00 600.00 558.00 557.00 588.00 554.00 510.00 592.00 453.00 525.00 601.00 444.00 
457.00 600.00 559.00 557.00 590.00 556.00 511.00 592.00 454.00 528.00 600.00 444.00 
458.00 600.00 557.00 596.00 566.00 590.00 509.00 591.00 452.00 529.00 598.00 443.00 
461.00 600.00 560.00 589.00 522.00 572.00 507.00 592.00 455.00 531.00 598.00 444.00 
459.00 598.00 560.00 562.00 504.00 568.00 506.00 591.00 455.00 533.00 600.00 444.00 
459.00 598.00 560.00 578.00 524.00 584.00 504.00 592.00 456.00 531.00 599.00 444.00 
460.00 601.00 559.00 567.00 508.00 590.00 505.00 591.00 454.00 532.00 599.00 445.00 
460.00 600.00 559.00 562.00 509.00 590.00 505.00 591.00 454.00 532.00 599.00 445.00 
459.00 601.00 557.00 559.00 512.00 592.00 505.00 593.00 457.00 531.00 598.00 444.00 
459.00 600.00 558.00 566.00 509.00 592.00 505.00 593.00 455.00 530.00 598.00 443.00 
460.00 601.00 558.00 560.00 512.00 591.00 503.00 592.00 456.00 532.00 599.00 444.00 
460.00 601.00 558.00 565.00 510.00 591.00 504.00 592.00 455.00 531.00 599.00 444.00 
459.00 601.00 558.00 565.00 510.00 590.00 505.00 592.00 456.00 531.00 599.00 444.00 
459.00 601.00 559.00 564.00 511.00 592.00 504.00 593.00 455.00 532.00 598.00 445.00 
460.00 600.00 558.00 562.00 511.00 590.00 504.00 592.00 457.00 532.00 599.00 444.00 
461.00 601.00 557.00 564.00 512.00 591.00 504.00 592.00 455.00 532.00 599.00 444.00 
461.00 601.00 558.00 561.00 511.00 592.00 505.00 592.00 455.00 532.00 598.00 445.00 
460.00 600.00 558.00 563.00 510.00 592.00 505.00 592.00 457.00 533.00 599.00 445.00 
460.00 600.00 559.00 563.00 510.00 591.00 505.00 592.00 455.00 532.00 599.00 445.00 
460.00 600.00 557.00 563.00 510.00 591.00 503.00 592.00 456.00 532.00 598.00 445.00 
460.00 602.00 558.00 562.00 510.00 591.00 504.00 592.00 455.00 531.00 598.00 444.00 
460.00 601.00 558.00 562.00 509.00 591.00 504.00 592.00 455.00 533.00 598.00 445.00 
460.00 601.00 559.00 561.00 509.00 592.00 504.00 592.00 454.00 532.00 599.00 443.00 
459.00 600.00 558.00 561.00 510.00 593.00 503.00 592.00 455.00 533.00 598.00 444.00 
460.00 602.00 556.00 563.00 510.00 592.00 504.00 592.00 455.00 533.00 598.00 445.00 
