-0.39	0.73	0.52	0.74	0.47	0.46	0.47	0.97	-0.34	-0.21	0.89	0.14	
-0.39	0.72	0.50	0.70	0.47	0.47	0.42	0.95	-0.34	-0.21	0.89	0.13	
-0.40	0.70	0.50	0.65	0.49	0.47	0.31	0.96	-0.34	-0.22	0.88	0.14	
-0.40	0.71	0.49	0.66	0.51	0.47	0.31	0.96	-0.33	-0.21	0.90	0.15	
-0.39	0.71	0.53	0.75	0.47	0.50	0.44	0.95	-0.34	-0.21	0.89	0.15	
-0.39	0.71	0.53	0.68	0.49	0.48	0.49	0.96	-0.33	-0.22	0.89	0.14	
-0.40	0.71	0.52	0.69	0.50	0.49	0.40	0.95	-0.34	-0.21	0.89	0.13	
-0.40	0.71	0.50	0.69	0.48	0.46	0.29	0.97	-0.34	-0.22	0.89	0.15	
-0.40	0.70	0.51	0.67	0.53	0.47	0.33	0.96	-0.35	-0.21	0.89	0.14	
-0.41	0.70	0.50	0.67	0.48	0.48	0.46	0.97	-0.34	-0.21	0.90	0.14	
-0.40	0.70	0.52	0.68	0.49	0.48	0.47	0.97	-0.35	-0.21	0.87	0.13	
-0.40	0.71	0.51	0.69	0.50	0.47	0.36	0.96	-0.34	-0.21	0.88	0.11	
-0.41	0.71	0.52	0.70	0.49	0.45	0.27	0.96	-0.35	-0.21	0.90	0.15	
-0.41	0.71	0.52	0.77	0.48	0.47	0.37	0.96	-0.31	-0.22	0.89	0.11	
-0.41	0.71	0.53	0.61	0.51	0.49	0.48	0.97	-0.35	-0.21	0.87	0.13	
-0.40	0.71	0.51	0.75	0.46	0.46	0.44	0.96	-0.34	-0.22	0.89	0.16	
-0.41	0.71	0.50	0.69	0.48	0.48	0.32	0.96	-0.34	-0.22	0.87	0.15	
-0.40	0.71	0.51	0.70	0.49	0.48	0.31	0.96	-0.34	-0.22	0.87	0.14	
-0.39	0.72	0.51	0.65	0.48	0.48	0.42	0.96	-0.33	-0.22	0.89	0.14	
-0.40	0.72	0.50	0.72	0.51	0.46	0.49	0.96	-0.34	-0.21	0.88	0.12	
-0.41	0.71	0.53	0.69	0.47	0.49	0.41	0.96	-0.34	-0.21	0.88	0.12	
-0.40	0.72	0.52	0.67	0.48	0.48	0.30	0.96	-0.34	-0.22	0.89	0.14	
-0.41	0.71	0.52	0.70	0.47	0.45	0.32	0.96	-0.34	-0.21	0.90	0.12	
-0.39	0.71	0.54	0.64	0.48	0.49	0.46	0.97	-0.32	-0.22	0.88	0.14	
-0.42	0.69	0.53	0.68	0.47	0.48	0.49	0.98	-0.34	-0.21	0.90	0.14	
-0.42	0.69	0.53	0.71	0.46	0.50	0.38	0.95	-0.35	-0.21	0.89	0.14	
-0.40	0.70	0.53	0.66	0.49	0.49	0.30	0.95	-0.35	-0.21	0.87	0.15	
-0.42	0.71	0.52	0.68	0.48	0.48	0.37	0.97	-0.34	-0.21	0.90	0.12	
-0.41	0.71	0.51	0.67	0.47	0.48	0.47	0.97	-0.34	-0.21	0.89	0.15	
-0.41	0.71	0.52	0.68	0.49	0.49	0.45	0.97	-0.34	-0.21	0.90	0.16	
-0.39	0.72	0.55	0.73	0.46	0.47	0.33	0.99	-0.34	-0.21	0.90	0.11	
-0.62	0.72	0.63	0.67	0.47	0.49	0.31	0.96	-0.25	-0.20	0.90	0.13	
-0.63	0.98	0.45	0.67	0.49	0.48	0.40	0.98	-0.29	-0.22	0.87	0.14	
-0.60	-0.03	0.21	0.72	0.50	0.48	0.49	0.98	-0.35	-0.16	0.92	0.16	
-0.59	-0.35	0.34	0.68	0.43	0.48	0.41	0.98	-0.34	-0.19	0.90	0.17	
-0.43	0.02	0.67	0.72	0.48	0.48	0.31	0.96	-0.35	-0.17	0.86	0.20	
-0.77	0.28	0.77	0.70	0.48	0.48	0.33	0.95	-0.38	-0.17	0.86	0.18	
-0.96	0.35	0.62	0.80	0.48	0.46	0.43	0.95	-0.36	-0.17	0.87	0.17	
-0.88	0.01	0.38	0.68	0.41	0.48	0.48	0.98	-0.38	-0.17	0.88	0.19	
-1.05	0.23	0.58	0.72	0.46	0.49	0.39	0.98	-0.39	-0.19	0.88	0.18	
-0.87	0.12	0.52	0.73	0.46	0.46	0.28	0.98	-0.38	-0.17	0.88	0.19	
-0.84	0.14	0.48	0.73	0.46	0.46	0.36	0.97	-0.38	-0.17	0.89	0.19	
-0.83	0.18	0.47	0.72	0.48	0.46	0.47	0.97	-0.35	-0.17	0.91	0.19	
-0.90	0.17	0.49	0.69	0.46	0.47	0.45	0.97	-0.35	-0.17	0.90	0.18	
-0.87	0.14	0.49	0.72	0.45	0.47	0.33	0.96	-0.37	-0.17	0.92	0.18	
-0.91	0.13	0.48	0.70	0.47	0.46	0.28	0.95	-0.38	-0.16	0.91	0.17	
-0.83	0.16	0.50	0.72	0.44	0.47	0.41	0.95	-0.36	-0.14	0.89	0.18	
-0.86	0.18	0.51	0.72	0.46	0.48	0.49	0.97	-0.36	-0.14	0.89	0.18	
-0.84	0.17	0.55	0.67	0.48	0.49	0.43	0.92	-0.38	-0.10	0.96	0.13	
-0.86	0.16	0.49	0.68	0.45	0.50	0.32	0.93	-0.32	-0.15	0.87	0.15	
-0.73	0.14	0.40	0.71	0.49	0.49	0.35	1.04	-0.35	-0.11	0.89	0.17	
-1.21	0.17	0.53	0.48	0.50	0.54	0.47	0.93	-0.42	-0.09	0.95	0.14	
-0.78	0.71	0.98	0.81	0.70	0.43	0.46	0.96	-0.33	-0.15	0.93	0.11	
-0.82	0.82	0.43	0.91	1.13	0.51	0.41	0.95	-0.48	-0.10	0.88	0.15	
-0.80	0.28	0.63	1.03	0.92	0.49	0.31	1.08	-0.16	-0.07	0.92	0.13	
-0.61	-0.16	0.92	1.10	-0.22	0.62	0.44	0.86	-0.40	-0.11	0.85	0.16	
-0.83	-0.80	0.82	0.80	-0.69	0.65	0.61	0.93	-0.39	-0.17	0.86	0.29	
-0.25	-0.62	0.95	0.99	-0.81	0.73	0.63	0.93	-0.43	-0.32	0.90	0.29	
0.02	-0.31	0.61	0.27	-0.18	0.74	0.53	1.01	-0.50	-0.34	0.84	0.44	
-0.10	-0.61	0.31	0.19	-0.16	0.65	0.48	0.98	-0.45	-0.24	0.80	0.36	
-0.51	-0.32	0.00	0.29	-0.07	0.09	0.21	0.91	-0.42	-0.38	0.72	0.29	
-0.73	-0.56	-0.10	0.63	-0.21	-0.04	0.13	0.93	-0.43	-0.32	0.70	0.30	
-0.81	-0.77	0.18	0.96	-0.24	-0.01	-0.06	0.94	-0.45	-0.23	0.77	0.24	
-0.51	-0.70	0.43	1.15	-0.27	0.11	0.01	0.95	-0.46	-0.38	0.85	0.27	
-0.36	-0.85	0.51	1.03	-0.08	0.33	0.30	0.99	-0.42	-0.20	0.94	0.33	
-0.83	-0.67	0.63	1.23	0.21	0.52	0.43	1.04	-0.35	-0.24	0.84	0.29	
-0.64	-0.19	1.31	1.57	0.20	0.75	0.49	1.04	-0.28	-0.29	0.86	0.15	
-0.60	-0.25	1.69	1.56	0.11	1.35	0.87	0.82	-0.59	-0.23	0.89	0.16	
-0.01	0.02	1.91	0.38	0.16	1.24	1.04	0.93	-0.20	-0.22	0.90	0.15	
-0.20	-0.30	0.31	0.40	-0.17	0.60	0.71	1.20	-0.68	-0.25	0.90	0.10	
-0.05	-0.30	0.30	0.50	-0.11	0.54	0.49	0.96	-0.19	-0.29	0.82	0.21	
0.23	0.22	0.46	1.19	-0.08	0.05	0.06	1.03	-0.33	-0.22	0.89	0.17	
-0.28	-0.46	0.16	0.36	0.09	0.19	0.15	0.92	-0.31	-0.24	0.87	0.16	
-0.65	-0.62	0.06	0.78	-0.34	0.03	0.14	0.97	-0.31	-0.21	0.86	0.20	
-0.73	-0.84	0.39	0.92	-0.67	-0.27	-0.12	1.00	-0.39	-0.23	0.66	0.26	
-1.88	-1.51	-0.45	1.06	-0.72	0.15	-0.06	0.98	-0.32	-0.20	0.89	0.21	
-0.62	-0.77	1.10	1.30	-0.43	0.80	0.55	1.01	-0.35	-0.26	0.85	0.23	
-0.67	-0.71	1.49	1.07	-0.22	1.34	1.03	0.98	-0.35	-0.26	0.88	0.21	
-0.56	-0.67	1.59	1.29	-0.38	1.30	0.98	0.99	-0.35	-0.22	0.85	0.17	
-0.20	-0.13	1.20	0.17	-0.29	1.00	0.74	0.99	-0.32	-0.22	0.74	0.17	
-0.13	-0.26	0.47	-0.09	0.15	0.67	0.64	0.97	-0.32	-0.21	0.83	0.19	
-0.09	-0.17	0.28	0.37	0.00	0.44	0.54	1.00	-0.35	-0.21	0.92	0.21	
-0.24	-0.73	-0.09	1.11	-0.70	0.09	0.21	1.00	-0.34	-0.21	0.89	0.21	
-0.51	-0.38	0.03	0.79	-0.21	-0.04	-0.08	1.00	-0.33	-0.23	0.84	0.21	
-0.62	-0.51	0.19	1.01	-0.34	-0.11	-0.05	1.01	-0.33	-0.21	0.89	0.20	
-0.80	-0.73	0.46	1.17	-0.82	-0.02	0.07	0.98	-0.34	-0.23	0.87	0.21	
-0.78	-0.88	1.01	1.44	-0.70	0.21	0.06	0.98	-0.32	-0.21	0.87	0.21	
-0.67	-0.47	1.13	1.29	-0.50	0.55	0.27	0.97	-0.33	-0.22	0.86	0.19	
-0.92	-0.41	1.19	1.63	-0.04	0.84	0.64	0.99	-0.35	-0.22	0.89	0.18	
-0.60	-0.30	1.58	1.48	-0.16	1.24	1.03	0.99	-0.31	-0.21	0.86	0.20	
-0.22	-0.13	1.50	0.51	0.04	1.17	0.90	0.99	-0.31	-0.21	0.84	0.18	
-0.48	0.22	0.77	0.45	-0.16	0.74	0.57	1.00	-0.32	-0.34	0.67	-0.01	
-0.47	0.52	0.57	0.03	0.05	0.49	0.48	0.99	-0.32	-0.21	0.83	0.18	
-0.18	-0.56	0.21	0.08	-0.06	-0.23	0.09	1.01	-0.32	-0.21	0.87	0.17	
-0.78	-0.74	-0.09	0.57	-0.26	-0.21	-0.10	1.00	-0.31	-0.18	0.83	0.18	
-0.85	-0.70	0.05	1.14	-0.32	-0.30	-0.31	0.98	-0.33	-0.21	0.88	0.23	
-0.62	-0.90	0.50	1.20	-0.92	-0.17	-0.07	0.95	-0.34	-0.24	0.89	0.22	
-0.04	-0.71	1.39	1.17	-0.18	0.74	0.45	0.97	-0.32	-0.23	0.86	0.19	
-0.30	0.02	1.41	1.30	-0.57	0.90	0.53	0.98	-0.34	-0.24	0.86	0.19	
-0.54	-0.24	1.42	1.30	-0.12	1.11	0.82	0.98	-0.33	-0.24	0.87	0.18	
-0.50	-0.13	1.36	1.45	-0.17	0.89	0.85	0.99	-0.32	-0.16	0.95	0.20	
-0.40	0.23	1.17	0.21	0.26	1.12	0.93	0.97	-0.32	-0.23	0.87	0.17	
-0.01	-0.17	0.73	0.27	-0.01	0.84	0.63	0.91	-0.26	-0.16	1.10	0.34	
-0.12	-0.45	0.38	0.06	0.21	0.43	0.39	1.08	-0.42	-0.20	0.76	0.20	
-0.25	-0.38	0.24	0.22	-0.06	0.25	0.35	1.02	-0.34	-0.22	0.92	0.21	
-0.50	-0.59	-0.03	0.52	-0.18	-0.08	0.14	0.99	-0.32	-0.24	0.87	0.20	
-0.83	-0.82	0.05	1.22	-0.59	-0.39	-0.32	0.98	-0.31	-0.27	0.77	0.17	
-0.55	-0.86	0.36	1.46	-0.50	0.21	0.06	1.00	-0.33	-0.22	0.89	0.19	
-0.37	-0.28	0.95	1.18	-0.42	0.84	0.62	0.99	-0.32	-0.25	0.84	0.21	
-0.53	-0.40	1.36	1.23	-0.41	1.00	0.76	0.98	-0.33	-0.21	0.93	0.22	
-0.86	-0.35	1.47	1.40	-0.14	1.01	0.69	0.98	-0.33	-0.22	0.86	0.20	
-0.36	-0.13	1.50	0.75	0.21	1.28	0.91	0.99	-0.34	-0.21	0.83	0.21	
-0.16	-0.68	0.42	0.49	0.64	0.93	0.87	1.01	-0.30	-0.22	0.94	0.20	
-0.21	-0.25	0.56	0.24	0.03	0.63	0.69	0.99	-0.33	-0.26	1.32	0.22	
-0.04	-0.81	0.21	0.42	0.03	0.22	0.25	0.98	-0.34	-0.21	0.90	0.21	
-0.45	-0.27	0.36	1.00	-0.49	-0.17	-0.13	0.97	-0.32	-0.22	0.84	0.21	
-0.49	-0.53	-0.02	0.56	-0.13	-0.04	0.06	0.99	-0.32	-0.21	0.88	0.21	
-0.53	-0.69	-0.05	0.96	-0.27	-0.07	0.01	0.99	-0.33	-0.22	0.84	0.21	
-0.46	-0.69	0.56	1.03	-0.74	0.15	-0.04	1.00	-0.33	-0.24	0.89	0.21	
-0.24	-0.26	1.31	1.15	-0.57	0.61	0.39	0.98	-0.32	-0.24	0.87	0.21	
-0.54	-0.05	1.51	1.38	-0.21	0.85	0.72	0.99	-0.32	-0.23	0.84	0.21	
-0.72	-0.05	1.60	1.92	-0.03	1.15	0.87	0.99	-0.32	-0.22	0.87	0.20	
-0.51	-0.59	1.20	1.93	0.39	1.33	0.94	0.96	-0.31	-0.25	0.59	0.12	
-0.39	-0.41	1.08	0.99	-0.71	0.79	0.71	0.99	-0.32	-0.14	0.88	0.30	
-0.16	-0.11	0.83	0.40	0.23	0.76	0.76	1.01	-0.34	-0.31	0.93	0.20	
-0.37	-0.04	0.34	0.43	-0.23	0.24	0.38	0.99	-0.34	-0.22	0.81	0.17	
0.13	-1.25	0.07	0.14	0.05	0.22	0.16	0.99	-0.32	-0.22	0.88	0.21	
-0.42	-0.42	0.13	0.66	-0.27	-0.02	-0.05	0.96	-0.33	-0.22	0.87	0.21	
-0.69	-0.61	0.14	1.31	-0.21	-0.05	0.08	0.96	-0.32	-0.23	0.87	0.22	
-0.70	-0.73	0.28	0.85	-0.66	0.18	0.16	0.97	-0.34	-0.23	0.80	0.19	
-0.41	-0.16	1.04	0.51	-0.86	0.35	0.18	0.97	-0.33	-0.23	0.84	0.21	
-0.62	-0.40	1.07	1.43	-0.23	0.75	0.48	0.98	-0.31	-0.26	0.86	0.22	
-0.88	-0.14	1.43	1.26	0.00	0.95	0.76	0.99	-0.33	-0.24	0.86	0.21	
-0.25	0.71	2.18	1.81	1.20	1.58	1.29	0.99	-0.34	-0.24	0.86	0.19	
-0.82	-0.33	1.26	1.02	-0.40	0.84	0.73	1.00	-0.34	-0.22	0.86	0.21	
-0.41	-0.13	0.67	0.37	-0.14	0.72	0.55	0.99	-0.38	-0.23	0.79	0.17	
-0.22	-0.12	0.53	0.23	-0.11	0.53	0.52	1.01	-0.30	-0.34	0.77	0.14	
-0.31	-0.62	0.09	0.36	-0.07	0.30	0.43	1.00	-0.29	-0.23	0.78	0.17	
-0.20	-0.47	0.36	0.42	-0.16	0.37	0.34	1.00	-0.32	-0.23	0.85	0.19	
-0.49	-0.33	0.28	0.80	-0.09	-0.08	-0.08	1.01	-0.19	-0.17	0.93	0.22	
-0.83	-0.56	0.21	0.96	-0.29	-0.26	-0.16	0.86	-0.22	-0.22	0.99	0.27	
-0.70	-0.46	0.55	1.12	-0.56	0.24	0.25	1.09	-0.29	-0.23	0.82	0.22	
-0.61	-0.57	0.81	1.23	-0.43	0.62	0.37	0.80	-0.16	-0.29	0.85	0.19	
-0.81	-0.45	1.26	1.23	-0.35	0.61	0.33	0.90	-0.31	-0.22	0.91	0.23	
-0.59	-0.09	1.57	1.45	-0.24	0.89	0.68	1.12	-0.22	-0.19	0.88	0.24	
0.03	0.54	2.01	0.00	0.33	2.17	1.64	1.12	-0.47	-0.19	0.98	0.23	
-0.68	-0.06	1.17	0.86	-0.21	0.80	0.81	0.98	-0.32	-0.23	0.90	0.16	
-0.32	-0.25	0.82	0.74	0.01	0.80	0.63	0.95	-0.31	-0.29	0.81	0.21	
-0.29	0.04	0.54	0.62	-0.41	0.49	0.47	0.99	-0.45	-0.23	0.84	0.18	
-0.33	-0.42	0.28	0.45	-0.20	0.30	0.41	1.01	-0.36	-0.21	0.92	0.24	
-0.31	-0.42	0.04	0.42	-0.15	0.15	0.26	0.91	-0.30	-0.27	0.85	0.21	
-0.53	-0.61	-0.07	0.66	-0.22	-0.07	-0.05	0.82	-0.23	-0.28	0.84	0.22	
-0.75	-0.54	0.21	1.01	-0.60	-0.16	-0.12	0.99	-0.22	-0.24	0.78	0.21	
-0.65	-0.76	0.44	1.03	-0.55	0.35	0.32	0.97	-0.31	-0.27	0.84	0.21	
-0.76	-0.65	1.00	1.18	-0.39	0.77	0.53	0.97	-0.32	-0.25	0.87	0.21	
-0.77	-0.17	1.30	1.35	0.21	1.38	0.88	0.97	-0.35	-0.24	0.81	0.21	
-0.45	-0.14	1.42	1.04	0.08	1.22	0.95	0.96	-0.33	-0.24	0.84	0.21	
-0.28	0.84	2.30	0.62	-0.54	0.94	0.92	0.99	-0.33	-0.11	0.84	0.31	
-0.49	-0.39	0.92	0.64	0.03	0.82	0.77	0.98	-0.32	-0.27	0.56	0.11	
-0.20	-0.23	0.62	0.27	-0.02	0.60	0.48	0.98	-0.31	-0.24	0.94	0.19	
-0.09	-0.21	0.61	0.44	-0.17	0.51	0.41	1.01	-0.34	-0.23	0.87	0.22	
-0.14	-0.22	0.45	0.38	-0.07	0.22	0.32	1.02	-0.39	-0.23	0.88	0.22	
-0.33	-0.28	0.21	0.37	0.01	0.11	0.23	0.98	-0.32	-0.23	0.85	0.21	
-0.55	-0.45	0.27	0.49	-0.37	-0.12	-0.05	0.94	-0.31	-0.29	0.83	0.20	
-0.65	-0.64	0.42	0.81	-0.75	0.03	-0.09	0.99	-0.34	-0.19	0.95	0.28	
-0.63	-0.70	0.68	1.18	-0.60	0.45	0.34	0.96	-0.33	-0.26	0.88	0.21	
-0.61	-0.62	0.97	1.19	-0.46	0.55	0.48	0.97	-0.33	-0.25	0.86	0.22	
-0.81	-0.33	1.03	1.40	-0.24	0.55	0.39	0.99	-0.34	-0.24	0.86	0.22	
-0.81	-0.11	1.42	1.75	-0.05	0.86	0.53	0.98	-0.32	-0.26	0.86	0.21	
-0.13	-0.02	1.36	0.99	0.31	1.27	0.95	0.99	-0.35	-0.22	1.03	0.21	
-0.24	0.10	0.99	0.52	0.33	0.72	0.76	0.98	-0.31	-0.22	0.89	0.25	
-0.52	-0.06	0.65	0.43	-0.05	0.50	0.49	0.99	-0.32	-0.34	0.96	0.21	
-0.27	-0.91	0.44	-0.08	-0.07	0.41	0.28	0.99	-0.34	-0.26	0.82	0.21	
-0.50	-0.07	0.49	0.98	-0.49	0.16	0.17	1.00	-0.33	-0.24	0.85	0.19	
-0.40	-0.49	0.14	0.51	0.10	0.19	0.26	0.99	-0.35	-0.22	0.87	0.21	
-0.60	-0.46	0.12	0.64	-0.17	-0.03	0.09	0.98	-0.32	-0.24	0.86	0.21	
-0.58	-0.56	0.32	-0.27	-0.14	0.12	-0.01	0.98	-0.32	-0.24	0.91	0.24	
-0.36	-0.71	0.71	0.85	-0.43	0.27	0.18	0.98	-0.32	-0.26	0.85	0.21	
-0.57	-0.73	0.99	1.19	-0.42	0.82	0.65	0.96	-0.29	-0.22	0.82	0.21	
-0.91	-0.42	1.31	1.55	-0.26	1.00	0.78	0.98	-0.33	-0.26	0.85	0.22	
-0.58	-0.25	1.22	1.46	-0.27	0.66	0.48	0.97	-0.34	-0.25	0.87	0.20	
0.20	-0.22	1.71	0.59	-0.03	1.62	1.07	0.75	-0.31	-0.23	1.04	0.12	
-0.41	-0.20	0.86	0.68	-0.22	0.91	0.93	1.08	-0.31	-0.23	0.93	0.21	
-0.21	-0.15	0.89	0.38	-0.27	0.81	0.81	0.96	-0.26	-0.25	0.82	0.18	
-0.18	0.01	0.62	0.18	0.04	0.68	0.58	0.97	-0.33	-0.23	0.87	0.20	
-0.13	-0.17	0.43	0.18	0.05	0.47	0.35	0.97	-0.33	-0.25	0.85	0.21	
-0.34	-0.24	0.31	0.45	-0.05	0.18	0.22	0.97	-0.32	-0.21	0.94	0.24	
-0.59	-0.48	0.35	0.64	-0.37	0.04	0.20	1.00	-0.34	-0.25	0.83	0.21	
-0.86	-0.61	0.34	0.65	-0.26	0.16	0.17	0.97	-0.34	-0.25	0.85	0.21	
-0.78	-0.76	0.17	1.28	-0.77	0.24	0.09	0.97	-0.32	-0.23	0.86	0.21	
-1.20	-0.89	0.47	1.39	-0.49	0.52	0.30	0.96	-0.35	-0.24	0.85	0.21	
-1.05	-0.38	1.13	1.70	-0.05	1.02	0.79	0.99	-0.33	-0.27	0.84	0.23	
-0.62	-0.13	1.37	1.29	0.36	1.34	1.09	0.98	-0.33	-0.24	0.87	0.21	
-0.13	0.10	2.04	0.57	0.17	1.56	1.16	0.98	-0.33	-0.21	0.62	-0.20	
-0.63	-0.32	0.83	1.09	-0.13	0.87	0.74	1.01	-0.33	-0.23	0.83	0.20	
-0.37	-0.14	0.65	0.95	-0.36	0.58	0.62	0.98	-0.33	-0.26	0.84	0.20	
-0.16	-0.55	0.39	0.27	-0.12	0.55	0.62	1.00	-0.33	-0.26	0.97	0.21	
-0.09	-0.33	0.41	0.28	-0.20	0.42	0.40	1.00	-0.33	-0.26	0.85	0.21	
-0.48	-0.31	0.29	0.38	0.06	0.10	0.06	0.96	-0.33	-0.27	0.84	0.21	
-0.64	-0.48	0.15	0.78	-0.40	-0.15	-0.07	0.99	-0.33	-0.26	0.85	0.23	
-0.81	-0.79	0.24	0.37	-0.84	0.03	0.15	0.95	-0.33	-0.24	0.86	0.21	
-0.62	-0.78	0.68	1.08	-0.50	0.29	0.20	0.97	-0.33	-0.28	0.90	0.21	
-0.50	-0.52	1.05	1.34	-0.44	0.71	0.38	0.97	-0.34	-0.27	0.86	0.21	
-0.79	-0.18	1.39	1.91	-0.09	0.97	0.69	0.99	-0.35	-0.24	0.87	0.21	
-0.68	-0.46	1.25	0.94	0.39	1.12	0.96	0.99	-0.32	-0.25	0.87	0.21	
-0.98	-0.28	0.98	0.70	-0.68	0.81	0.77	0.99	-0.33	-0.35	0.81	0.14	
-0.60	-0.68	0.34	0.23	0.13	0.61	0.51	0.98	-0.32	-0.22	0.92	0.20	
-0.62	-0.39	0.47	0.52	-0.28	0.57	0.41	0.99	-0.28	-0.25	0.85	0.21	
-0.20	-0.44	0.44	0.28	-0.12	0.43	0.43	0.99	-0.32	-0.25	0.88	0.20	
-0.36	-0.48	0.29	0.39	0.05	0.24	0.36	0.95	-0.32	-0.26	0.85	0.21	
-0.56	-0.37	0.35	0.67	-0.14	0.24	0.24	0.98	-0.32	-0.28	0.86	0.22	
-0.67	-0.46	0.15	0.64	-0.23	-0.05	-0.09	0.96	-0.34	-0.27	0.83	0.21	
-0.68	-0.83	0.05	0.70	-1.12	-0.26	-0.17	0.96	-0.34	-0.25	0.84	0.20	
-0.68	-0.75	0.51	0.86	-0.67	0.21	0.20	0.98	-0.34	-0.26	0.84	0.21	
-0.64	-0.72	0.81	1.20	-0.51	0.61	0.35	0.98	-0.33	-0.26	0.85	0.23	
-0.99	-0.10	1.35	1.58	0.02	0.91	0.55	0.97	-0.32	-0.26	0.85	0.20	
-0.79	-0.15	1.47	1.35	0.26	1.06	0.82	0.97	-0.32	-0.25	0.87	0.18	
-0.12	-0.24	1.74	0.84	-0.07	1.58	1.30	0.94	-0.28	-0.21	1.16	0.23	
-0.49	-0.29	0.78	0.79	0.01	0.90	0.84	1.05	-0.36	-0.23	0.82	0.25	
-0.84	0.32	1.05	0.44	0.10	0.70	0.55	1.01	-0.37	-0.23	0.85	0.18	
-0.49	-0.38	0.54	0.54	-0.09	0.45	0.42	0.90	-0.30	-0.24	0.87	0.21	
-0.34	-0.28	0.33	0.10	0.23	0.27	0.39	0.97	-0.30	-0.25	0.91	0.20	
-0.51	-0.17	0.23	0.16	0.09	0.13	0.23	0.98	-0.32	-0.33	0.85	0.17	
-0.61	-0.48	0.16	0.68	-0.34	0.20	0.12	0.96	-0.34	-0.25	0.80	0.21	
-0.67	-0.78	0.14	0.98	-0.55	0.19	0.04	0.97	-0.35	-0.27	0.84	0.21	
-0.68	-0.94	0.15	0.99	-0.49	0.18	0.16	0.98	-0.33	-0.26	0.83	0.21	
-0.80	-0.81	0.66	1.24	-0.53	0.59	0.52	0.99	-0.34	-0.24	0.88	0.21	
-1.04	-0.52	1.13	1.45	-0.40	0.94	0.69	0.96	-0.33	-0.29	0.83	0.21	
-0.95	-0.13	1.58	1.48	0.27	0.90	0.61	0.97	-0.33	-0.26	0.86	0.21	
-0.48	-0.16	1.46	1.21	-0.31	0.93	0.69	0.98	-0.32	-0.33	0.66	0.16	
-0.49	-0.40	0.77	1.38	-0.25	0.51	0.58	0.97	-0.31	-0.27	0.89	0.16	
-0.13	-0.58	0.67	0.74	-0.07	0.53	0.53	0.98	-0.32	-0.21	0.80	0.29	
-0.20	-0.46	0.46	0.72	-0.23	0.52	0.39	0.97	-0.33	-0.20	0.95	0.23	
-0.42	0.02	0.51	0.21	-0.26	0.39	0.25	0.97	-0.32	-0.26	0.84	0.22	
-0.58	-0.14	0.27	0.62	-0.20	-0.03	0.09	0.96	-0.33	-0.26	0.76	0.19	
-0.78	-0.36	0.21	0.71	-0.08	-0.06	0.11	1.00	-0.34	-0.25	0.85	0.21	
-0.78	-0.76	0.28	0.74	-0.60	-0.07	-0.09	0.97	-0.32	-0.26	0.85	0.21	
-0.61	-1.05	0.00	0.10	-0.44	0.05	-0.06	0.96	-0.32	-0.23	0.88	0.21	
-0.53	-0.48	1.01	1.03	-0.67	0.54	0.42	0.97	-0.32	-0.26	0.86	0.21	
-0.94	-0.55	1.11	1.90	-0.36	0.46	0.40	0.97	-0.33	-0.27	0.83	0.22	
-0.85	-0.23	1.31	1.43	0.79	0.88	0.55	0.97	-0.35	-0.23	0.86	0.21	
-0.29	-1.02	0.98	1.53	-0.21	0.86	0.58	0.98	-0.33	-0.17	0.95	0.18	
-0.36	0.04	0.90	0.15	0.41	0.80	0.71	0.98	-0.30	-0.13	0.84	0.13	
-0.29	-0.42	0.46	0.89	-0.23	0.55	0.60	0.98	-0.33	-0.24	0.78	0.18	
-0.25	-0.62	0.51	1.05	0.23	0.61	0.49	0.93	-0.32	-0.25	0.87	0.18	
-0.48	-0.33	0.44	0.83	-0.21	0.32	0.21	0.98	-0.31	-0.24	0.87	0.18	
-0.54	-0.47	0.25	0.61	-0.15	0.01	0.06	0.96	-0.34	-0.24	0.88	0.21	
-0.54	-0.55	0.07	1.42	-0.74	-0.22	-0.03	0.97	-0.32	-0.24	0.90	0.21	
-0.59	-0.86	0.06	0.63	-0.67	-0.16	-0.10	0.98	-0.32	-0.28	0.82	0.19	
-0.63	-0.88	0.15	0.85	-0.48	0.26	0.02	0.95	-0.32	-0.23	0.86	0.22	
-0.61	-0.73	0.62	1.38	-0.25	0.76	0.52	0.98	-0.34	-0.25	0.85	0.23	
-0.77	-0.23	1.19	1.65	-0.12	1.04	0.85	0.97	-0.33	-0.26	0.88	0.21	
-0.63	-0.07	1.73	1.77	0.06	1.12	0.89	0.99	-0.31	-0.25	0.87	0.21	
-0.45	0.13	1.57	1.54	-0.61	0.82	0.60	0.99	-0.33	-0.32	1.13	0.33	
-0.24	-0.10	0.96	1.27	-0.13	0.84	0.68	1.03	-0.36	-0.19	0.94	0.30	
-0.40	-0.01	0.61	0.75	0.32	0.73	0.74	1.00	-0.30	-0.27	0.87	0.21	
0.29	-0.62	0.55	0.62	-0.36	0.63	0.60	0.97	-0.35	-0.24	0.80	0.21	
-0.38	-0.79	0.11	0.69	-0.57	0.19	0.16	0.98	-0.34	-0.30	0.80	0.18	
-0.41	-0.59	0.20	0.61	-0.07	0.08	0.04	1.00	-0.31	-0.26	0.83	0.21	
-0.51	-0.60	0.16	0.65	-0.52	-0.04	0.05	1.00	-0.33	-0.24	0.87	0.22	
-0.55	-0.74	0.45	0.88	-0.89	0.14	0.21	0.96	-0.33	-0.25	0.82	0.21	
-0.49	-0.73	0.86	1.12	-0.71	0.44	0.29	0.99	-0.34	-0.26	0.85	0.21	
-0.62	-0.63	1.09	1.11	-0.57	0.71	0.40	0.97	-0.33	-0.27	0.84	0.22	
-0.79	-0.26	1.52	1.55	-0.06	1.07	0.80	0.98	-0.33	-0.25	0.86	0.21	
-0.33	-0.21	1.47	1.11	-0.04	1.27	1.09	0.99	-0.32	-0.23	0.80	0.20	
-0.49	-0.45	0.90	0.48	-0.35	0.90	0.79	0.98	-0.33	-0.25	0.72	0.19	
-0.29	-0.62	0.59	0.67	-0.34	0.70	0.54	0.98	-0.35	-0.25	0.92	0.20	
-0.18	-0.48	0.49	0.57	-0.21	0.57	0.47	0.99	-0.32	-0.22	0.92	0.24	
-0.21	-0.39	0.45	0.62	-0.32	0.28	0.39	1.00	-0.34	-0.25	0.92	0.22	
-0.37	-0.10	0.36	0.37	-0.12	0.14	0.25	0.98	-0.33	-0.25	0.85	0.22	
-0.60	-0.43	0.06	0.78	-0.25	-0.09	-0.04	0.98	-0.34	-0.25	0.86	0.18	
-0.72	-0.74	0.27	0.93	-0.76	-0.13	-0.16	0.99	-0.32	-0.23	0.84	0.21	
-0.62	-0.92	0.48	0.37	-0.48	0.21	0.21	0.98	-0.34	-0.25	0.87	0.21	
-0.67	-0.83	0.86	1.08	-0.85	0.59	0.42	0.97	-0.33	-0.26	0.85	0.22	
-0.80	-0.39	1.34	1.71	-0.28	1.16	0.72	0.98	-0.33	-0.26	0.84	0.23	
-0.53	-0.16	1.40	0.91	0.17	1.05	0.76	0.96	-0.32	-0.29	0.76	0.29	
0.02	-0.11	1.66	0.97	-0.57	1.26	1.04	1.00	-0.33	-0.27	0.81	0.19	
-0.30	-0.43	0.76	0.42	0.04	0.90	0.87	0.95	-0.32	-0.25	0.90	0.21	
-0.37	0.18	0.78	0.28	-0.21	0.67	0.59	0.99	-0.33	-0.23	0.77	0.20	
-0.26	-0.49	0.50	0.39	-0.01	0.53	0.39	0.98	-0.33	-0.23	0.84	0.21	
-0.38	-0.44	0.47	0.62	-0.26	0.43	0.40	0.98	-0.33	-0.24	0.85	0.20	
-0.34	-0.45	0.40	0.52	-0.32	0.31	0.40	0.97	-0.34	-0.28	0.81	0.19	
-0.41	-0.42	0.37	0.65	-0.47	0.04	0.14	0.98	-0.34	-0.24	0.84	0.20	
-0.66	-0.55	0.18	0.68	-0.47	-0.13	-0.14	0.96	-0.32	-0.24	0.85	0.22	
-0.63	-0.60	0.45	1.01	-0.72	0.01	-0.02	0.98	-0.33	-0.26	0.82	0.22	
-0.69	-0.69	1.04	1.35	-0.62	0.70	0.54	0.99	-0.33	-0.26	0.86	0.22	
-0.73	-0.26	1.40	1.30	-0.50	0.83	0.62	0.97	-0.34	-0.26	0.82	0.22	
-0.53	-0.14	1.44	1.15	0.05	0.95	0.63	0.97	-0.32	-0.26	0.87	0.22	
-0.53	0.08	1.71	-0.17	0.31	1.68	1.19	0.62	-0.48	-0.32	0.90	0.19	
-0.32	-0.20	1.05	0.88	-0.33	0.73	0.84	1.03	-0.38	-0.26	0.81	0.21	
-0.31	-0.33	0.77	0.47	-0.08	0.80	0.77	1.00	-0.32	-0.25	0.77	0.21	
-0.37	-0.19	0.70	0.12	-0.02	0.79	0.61	0.93	-0.33	-0.25	0.86	0.21	
-0.39	-0.38	0.39	0.29	0.00	0.41	0.33	0.95	-0.35	-0.21	0.92	0.21	
-0.39	-0.46	0.08	0.38	-0.09	0.14	0.23	0.98	-0.33	-0.28	0.86	0.21	
-0.53	-0.68	0.18	0.54	-0.53	-0.07	0.13	0.98	-0.34	-0.26	0.80	0.22	
-0.63	-0.79	0.28	0.24	-0.96	-0.06	-0.02	0.97	-0.33	-0.26	0.82	0.21	
-0.48	-0.76	0.55	0.92	-0.39	0.14	0.00	0.95	-0.32	-0.27	0.84	0.22	
-0.72	-0.61	0.96	1.26	-0.53	0.68	0.48	0.97	-0.34	-0.26	0.90	0.24	
-0.83	-0.36	1.44	1.27	-0.39	1.01	0.82	0.99	-0.33	-0.27	0.87	0.22	
-0.53	-0.24	1.60	1.21	-0.19	1.06	0.80	0.98	-0.34	-0.27	0.85	0.21	
-0.24	-1.34	0.75	1.56	-0.16	1.42	1.00	0.99	-0.35	-0.26	0.91	0.24	
-0.31	-0.73	0.61	0.41	-0.25	0.67	0.68	0.97	-0.33	-0.24	0.79	0.19	
-0.47	-0.42	0.53	0.96	-0.49	0.50	0.59	0.98	-0.35	-0.25	0.84	0.21	
-0.05	-0.87	0.52	0.11	-0.02	0.45	0.46	0.98	-0.35	-0.16	0.78	0.23	
-0.21	-0.44	0.31	-0.15	0.10	0.33	0.23	0.97	-0.32	-0.24	0.95	0.24	
-0.32	-0.42	0.20	0.50	-0.28	0.20	0.15	0.98	-0.32	-0.28	0.80	0.20	
-0.41	-0.62	0.11	0.60	-0.43	-0.02	0.11	0.97	-0.34	-0.25	0.93	0.26	
-0.67	-0.83	0.23	0.64	-0.68	-0.03	0.08	0.99	-0.35	-0.23	0.92	0.23	
-0.62	-0.92	0.60	1.93	-1.48	-0.16	-0.19	0.98	-0.33	-0.26	0.86	0.21	
-0.55	-0.96	0.85	1.52	-1.06	0.80	0.46	0.98	-0.34	-0.27	0.87	0.21	
-0.89	-0.49	1.05	1.52	-0.17	0.78	0.67	0.99	-0.32	-0.25	0.87	0.23	
-0.64	-0.46	1.38	1.24	-0.24	0.94	0.76	1.01	-0.34	-0.26	0.85	0.21	
-0.78	0.32	1.52	1.28	-1.00	0.86	0.59	0.98	-0.35	-0.23	0.84	0.21	
-0.25	-0.51	0.62	0.45	-0.27	0.96	0.70	0.99	-0.35	-0.27	0.82	0.17	
-0.18	-0.18	0.62	0.75	0.14	0.74	0.72	0.98	-0.33	-0.23	0.83	0.23	
-0.09	0.02	0.62	1.03	-0.16	0.46	0.54	0.97	-0.34	-0.23	0.88	0.21	
-0.30	-0.26	0.30	0.42	0.00	0.21	0.24	0.99	-0.35	-0.23	0.83	0.21	
-0.55	-0.37	0.16	0.69	0.08	0.08	0.01	0.98	-0.33	-0.26	0.85	0.21	
-0.72	-0.62	0.21	0.86	-0.54	-0.09	-0.06	0.97	-0.34	-0.25	0.88	0.21	
-0.92	-0.75	0.30	1.04	-0.75	0.25	0.29	1.00	-0.32	-0.25	0.87	0.21	
-0.82	-0.62	0.85	1.18	-0.56	0.44	0.31	0.98	-0.32	-0.26	0.84	0.22	
-0.86	-0.42	1.08	1.59	-0.40	0.80	0.47	0.97	-0.33	-0.28	0.84	0.21	
-1.01	-0.38	1.26	1.42	-0.25	0.91	0.67	0.97	-0.36	-0.25	0.86	0.22	
-0.29	-0.46	1.37	1.46	-0.76	0.95	0.81	0.97	-0.35	-0.34	0.65	0.13	
0.01	-0.48	1.03	0.54	-0.38	0.89	0.78	1.00	-0.34	-0.23	0.83	0.21	
-0.28	-0.17	0.66	0.39	0.04	0.68	0.53	1.02	-0.30	-0.22	0.99	0.21	
-0.23	-0.52	0.52	1.06	-0.13	0.55	0.43	0.99	-0.33	-0.24	0.85	0.20	
-0.32	0.03	0.17	0.88	-0.86	0.37	0.41	0.98	-0.33	-0.23	0.86	0.21	
-0.44	-0.30	0.19	0.29	-0.26	0.20	0.30	0.97	-0.33	-0.24	0.86	0.21	
-0.57	-0.52	0.31	0.51	-0.30	0.10	0.11	0.98	-0.32	-0.23	0.94	0.25	
-0.85	-0.41	0.46	1.56	-0.49	-0.04	-0.10	0.97	-0.33	-0.26	0.84	0.21	
-1.04	-0.68	0.52	1.63	-0.38	0.15	0.13	0.99	-0.34	-0.25	0.87	0.23	
-0.94	-0.15	1.31	1.67	-0.38	0.52	0.45	0.97	-0.33	-0.27	0.85	0.22	
-1.04	-0.13	1.35	1.83	-0.07	0.85	0.60	0.98	-0.34	-0.27	0.83	0.22	
-0.65	-0.10	1.39	1.45	0.09	1.13	0.72	0.97	-0.32	-0.10	0.88	0.21	
-0.14	0.22	1.61	0.01	0.38	1.87	1.35	0.96	-0.32	-0.27	0.80	0.21	
-0.09	-0.01	0.55	0.54	-0.33	0.21	0.52	1.04	-0.36	-0.25	0.86	0.21	
-0.12	-0.72	-0.06	0.34	0.54	0.35	0.40	0.98	-0.35	-0.24	0.88	0.22	
-0.44	-0.25	0.34	0.63	-0.61	0.32	0.19	0.98	-0.35	-0.25	0.85	0.21	
-0.31	-0.18	0.39	0.19	-0.09	0.29	0.19	0.96	-0.34	-0.24	0.87	0.21	
-0.47	-0.67	0.33	0.59	-0.62	0.10	0.19	0.98	-0.34	-0.26	0.86	0.21	
-0.90	-0.44	0.33	1.72	-0.56	0.00	0.14	0.98	-0.35	-0.26	0.85	0.22	
-1.04	-0.91	-1.18	1.27	-0.56	0.15	0.08	0.97	-0.34	-0.24	0.81	0.21	
-0.90	-0.75	0.98	1.52	-0.61	0.38	0.15	0.98	-0.32	-0.27	0.85	0.22	
-0.99	-0.37	1.09	1.45	-0.34	0.66	0.49	0.97	-0.33	-0.26	0.86	0.23	
-0.56	-0.15	1.42	2.58	-0.40	0.99	0.77	0.99	-0.32	-0.27	0.86	0.21	
0.80	0.14	2.57	-1.14	-0.19	2.30	1.61	0.98	-0.36	-0.26	0.85	0.22	
-0.57	0.02	1.26	0.85	-0.13	0.90	0.80	1.00	-0.34	-0.22	0.92	0.22	
-0.49	0.06	0.72	0.63	-0.62	0.39	0.48	0.96	-0.31	-0.25	0.89	0.19	
-0.32	0.00	0.54	0.41	-0.19	0.47	0.56	0.97	-0.32	-0.27	0.87	0.21	
-0.42	-0.42	0.39	0.49	-0.13	0.36	0.40	0.84	-0.42	-0.25	0.85	0.23	
-0.48	-0.45	0.38	0.56	-0.29	0.25	0.20	0.99	-0.34	-0.28	0.82	0.18	
-0.62	-0.34	0.32	0.65	-0.40	0.05	0.00	0.99	-0.33	-0.25	0.78	0.21	
-0.68	-0.66	0.29	0.90	-0.53	0.08	0.11	0.94	-0.33	-0.27	0.84	0.21	
-0.74	-0.90	0.29	1.21	-0.55	0.23	0.29	0.98	-0.33	-0.26	0.86	0.21	
-0.56	-0.16	1.05	1.04	-0.57	0.70	0.50	0.99	-0.34	-0.28	0.84	0.23	
-0.74	0.17	1.30	1.47	-0.15	1.06	0.66	0.95	-0.35	-0.26	0.83	0.23	
-0.38	0.11	1.24	1.44	0.46	0.97	0.75	0.99	-0.35	-0.21	0.71	0.11	
-0.01	1.02	2.18	1.33	0.57	1.61	1.32	0.97	-0.33	-0.26	0.87	0.24	
-0.61	-0.30	0.87	1.41	0.23	0.88	0.88	0.97	-0.33	-0.29	0.91	0.25	
-0.59	-0.36	0.63	0.27	0.43	0.76	0.62	0.99	-0.33	-0.29	0.87	0.21	
-0.53	-0.50	0.56	0.19	0.10	0.62	0.49	0.97	-0.33	-0.24	0.87	0.22	
-0.64	0.38	0.45	0.96	-0.31	0.52	0.53	1.00	-0.34	-0.24	0.86	0.23	
-0.40	-0.62	0.17	0.58	-0.21	0.11	0.29	0.95	-0.34	-0.26	0.89	0.20	
-0.56	-0.54	-0.03	0.56	-0.35	-0.13	-0.02	0.97	-0.32	-0.22	0.87	0.24	
-0.51	-0.80	-0.04	0.67	-0.72	-0.21	-0.22	0.97	-0.34	-0.28	0.85	0.22	
-0.52	-0.78	0.53	1.05	-0.75	0.12	0.16	0.97	-0.33	-0.24	0.91	0.22	
-0.62	-0.49	0.83	0.92	-0.64	0.76	0.50	0.97	-0.35	-0.28	0.83	0.21	
-1.03	-0.05	1.35	1.76	-0.05	1.03	0.63	0.98	-0.34	-0.27	0.85	0.21	
-0.89	-0.02	1.48	1.73	0.78	1.18	0.88	0.98	-0.33	-0.34	0.54	0.24	
-0.62	-0.05	1.67	1.08	0.14	1.12	1.00	0.95	-0.33	-0.26	0.82	0.22	
-0.38	-0.58	0.70	1.04	-0.05	0.77	0.74	0.94	-0.22	-0.19	0.98	0.26	
-0.17	-0.36	0.61	0.51	-0.45	0.55	0.45	1.05	-0.31	-0.24	0.85	0.20	
-0.06	-0.20	0.49	0.35	0.12	0.44	0.35	0.99	-0.34	-0.26	0.87	0.21	
-0.12	-0.15	0.18	0.26	-0.21	0.13	0.23	1.03	-0.36	-0.23	0.87	0.22	
-0.54	-0.36	0.06	0.62	-0.12	-0.08	0.11	0.96	-0.31	-0.28	0.75	0.21	
-0.90	-0.79	0.11	0.98	-0.64	-0.21	-0.16	0.98	-0.34	-0.26	0.84	0.21	
-0.89	-0.81	0.57	1.15	-0.72	0.15	-0.01	0.98	-0.34	-0.25	0.89	0.23	
-0.98	-0.70	1.05	1.46	-0.68	0.58	0.46	0.98	-0.33	-0.25	0.83	0.23	
-1.07	-0.34	1.22	1.56	-0.29	0.68	0.56	0.97	-0.34	-0.29	0.85	0.21	
-0.73	-0.15	1.26	1.60	0.03	0.89	0.60	1.01	-0.33	-0.23	0.87	0.22	
-0.06	-0.01	1.25	1.01	-0.09	1.09	0.76	0.99	-0.32	-0.24	0.90	0.22	
0.39	-0.58	0.60	0.06	-0.21	0.68	0.67	0.99	-0.32	-0.23	0.89	0.22	
-0.06	-0.26	0.55	0.50	-0.13	0.72	0.73	0.99	-0.33	-0.23	0.87	0.21	
-0.10	-0.26	0.43	0.16	-0.05	0.46	0.41	0.98	-0.34	-0.25	0.86	0.22	
-0.35	1.08	0.38	-0.13	-0.05	0.15	0.09	0.99	-0.33	-0.26	0.85	0.22	
-0.64	-0.36	0.20	0.70	-0.22	-0.19	-0.07	0.97	-0.33	-0.25	0.84	0.21	
-0.79	-0.76	0.15	1.11	-0.94	-0.36	-0.12	0.99	-0.32	-0.26	0.86	0.22	
-0.77	-0.88	0.53	1.04	-0.84	0.22	0.03	0.97	-0.32	-0.26	0.83	0.20	
-0.56	0.22	1.14	1.49	-0.83	0.39	0.18	0.98	-0.34	-0.25	0.85	0.21	
-0.53	0.11	1.56	1.51	-0.48	0.70	0.55	0.97	-0.33	-0.26	0.86	0.21	
-0.62	0.03	1.44	0.91	-0.03	0.77	0.71	0.97	-0.34	-0.26	0.87	0.21	
0.32	0.26	1.92	1.31	-0.22	1.82	1.28	0.98	-0.35	-0.23	0.93	0.24	
-0.56	-0.57	0.98	1.09	-0.31	0.81	0.65	0.98	-0.32	-0.19	0.86	0.20	
-0.21	-0.51	0.68	0.84	-0.97	0.50	0.51	0.97	-0.33	-0.22	1.21	0.30	
-0.45	-0.21	0.59	0.65	-0.37	0.51	0.59	0.97	-0.32	-0.26	0.95	0.23	
-0.21	-0.28	0.21	0.04	0.11	0.16	0.25	0.96	-0.34	-0.26	0.83	0.21	
-0.36	-0.40	0.12	0.78	-0.32	-0.22	-0.18	0.97	-0.34	-0.26	0.84	0.21	
-0.62	-0.47	0.20	0.73	-0.29	-0.12	-0.11	0.98	-0.34	-0.25	0.89	0.21	
-0.68	-0.89	0.20	1.17	-0.86	-0.09	0.03	0.96	-0.33	-0.27	0.82	0.21	
-0.61	-0.96	0.40	0.82	-0.96	0.36	0.18	0.98	-0.33	-0.28	0.85	0.21	
-0.46	-0.41	1.23	1.38	-0.86	0.59	0.29	0.96	-0.34	-0.26	0.86	0.23	
-0.76	-0.19	1.46	1.43	-0.24	1.06	0.75	0.97	-0.33	-0.28	0.85	0.23	
-0.55	0.02	0.71	0.93	-0.43	0.80	0.76	0.99	-0.33	-0.24	0.85	0.21	
-0.13	-0.27	0.99	0.68	0.19	0.97	0.77	0.97	-0.32	-0.35	1.09	0.18	
0.06	0.08	0.93	0.64	-0.38	0.53	0.41	0.99	-0.34	-0.25	0.85	0.21	
-0.07	-0.28	0.71	0.71	-0.22	0.57	0.44	0.99	-0.32	-0.25	0.86	0.21	
-0.14	-0.23	0.53	0.37	-0.02	0.32	0.39	0.99	-0.32	-0.25	0.86	0.20	
-0.38	-0.52	0.23	0.31	-0.17	-0.01	0.16	0.95	-0.31	-0.23	0.89	0.22	
-0.76	-0.68	0.09	0.95	-0.28	-0.09	-0.10	0.95	-0.32	-0.28	0.81	0.20	
-0.63	-0.70	0.23	0.63	-0.58	-0.14	-0.17	0.97	-0.34	-0.25	0.89	0.22	
-0.45	-1.02	0.53	1.38	-0.65	0.22	0.23	0.94	-0.34	-0.26	0.84	0.24	
-0.55	-0.29	1.43	1.42	-0.37	0.74	0.49	0.95	-0.35	-0.28	0.86	0.22	
-0.77	0.07	1.63	1.63	-0.12	0.97	0.60	0.96	-0.33	-0.29	0.85	0.21	
-0.39	0.05	1.30	1.22	0.17	1.07	0.80	0.98	-0.34	-0.30	0.75	0.09	
-0.19	-0.69	1.19	0.54	-0.09	0.82	0.79	0.89	-0.40	-0.25	0.71	0.17	
-0.17	-0.48	0.76	0.49	0.28	0.72	0.69	0.98	-0.36	-0.32	0.81	0.16	
-0.19	-0.28	0.62	0.88	-0.37	0.54	0.41	0.94	-0.36	-0.25	0.83	0.22	
-0.30	-0.36	0.41	0.82	-0.51	0.41	0.28	0.87	-0.50	-0.26	0.86	0.21	
-0.43	-0.76	0.24	0.62	-0.37	0.27	0.30	0.96	-0.37	-0.24	0.80	0.23	
-0.59	-0.45	0.21	0.66	-0.05	0.02	0.18	0.98	-0.37	-0.32	0.84	0.25	
-0.74	-0.55	0.19	0.84	-0.48	-0.19	-0.09	0.97	-0.33	-0.28	0.83	0.21	
-0.58	-0.85	0.49	0.93	-0.85	0.13	-0.05	0.97	-0.33	-0.26	0.86	0.22	
-0.62	-0.41	1.07	1.20	-0.79	0.55	0.41	0.98	-0.34	-0.27	0.84	0.23	
-0.81	-0.22	1.44	1.76	-0.38	0.90	0.73	0.97	-0.32	-0.26	0.90	0.23	
-0.85	-0.17	1.31	1.37	-0.29	0.63	0.50	0.98	-0.33	-0.31	0.89	0.20	
-0.19	-0.11	1.19	1.00	0.18	0.97	0.62	0.96	-0.36	-0.27	0.80	0.15	
-0.02	-0.34	0.77	0.21	-0.01	0.89	0.74	0.96	-0.33	-0.30	0.76	0.19	
-0.14	-0.09	0.75	-0.27	-0.55	0.45	0.57	0.98	-0.32	-0.30	0.74	0.13	
-0.27	0.22	0.57	0.02	0.00	0.38	0.38	0.99	-0.34	-0.28	0.88	0.21	
-0.21	-0.45	0.21	-0.16	0.12	0.09	0.06	0.97	-0.33	-0.29	0.83	0.21	
-0.55	-0.31	0.05	0.67	-0.36	-0.05	-0.02	0.96	-0.34	-0.27	0.83	0.21	
-0.65	-0.55	0.04	1.03	-0.01	-0.18	0.02	0.98	-0.35	-0.27	0.85	0.23	
-0.71	-0.75	0.14	1.39	-1.16	-0.15	-0.14	0.98	-0.34	-0.28	0.81	0.21	
-0.63	-0.58	0.72	0.56	-1.19	0.20	-0.01	0.98	-0.33	-0.29	0.85	0.21	
-0.55	-0.02	1.31	1.40	-0.68	0.96	0.67	0.96	-0.33	-0.27	0.86	0.25	
-0.98	-0.31	1.44	1.29	-0.24	0.97	0.80	0.97	-0.33	-0.26	0.83	0.20	
-1.33	-2.38	0.16	3.19	-0.26	1.45	1.11	0.96	-0.32	-0.21	1.02	0.27	
-0.02	-0.29	0.93	0.93	0.02	0.87	0.69	0.98	-0.34	-0.29	0.74	0.17	
-0.21	-0.07	0.76	0.83	-0.32	0.77	0.72	0.98	-0.33	-0.24	0.86	0.22	
-0.36	-0.34	0.47	0.23	-0.22	0.46	0.56	0.98	-0.31	-0.29	0.88	0.23	
-0.20	-0.38	0.48	0.07	-0.12	0.36	0.39	0.97	-0.34	-0.23	0.85	0.21	
-0.36	-0.45	0.26	0.36	-0.23	0.12	0.07	0.96	-0.34	-0.23	0.86	0.23	
-0.46	-0.60	0.08	0.70	-0.36	-0.22	-0.15	0.97	-0.34	-0.24	0.86	0.22	
-0.78	-0.73	-0.03	0.64	-0.75	-0.27	-0.07	0.97	-0.34	-0.24	0.88	0.21	
-0.60	-0.92	0.58	1.01	-0.99	-0.08	-0.17	0.96	-0.36	-0.25	0.86	0.22	
-0.75	-0.79	1.08	1.31	-0.79	0.35	0.15	0.98	-0.35	-0.27	0.84	0.22	
-1.05	-0.41	1.25	2.03	-0.09	0.77	0.61	0.98	-0.33	-0.26	0.87	0.21	
-0.85	-0.79	1.04	1.06	-0.49	0.49	0.42	0.96	-0.34	-0.40	0.43	0.06	
0.27	-0.42	1.60	0.71	-0.13	1.27	0.83	0.97	-0.33	-0.23	0.80	0.25	
-0.56	-0.43	0.75	0.28	0.38	0.85	0.66	0.98	-0.31	-0.24	0.85	0.21	
-0.45	-0.23	0.60	0.59	0.04	0.67	0.65	0.99	-0.32	-0.22	0.84	0.24	
-0.34	-0.43	0.38	0.53	-0.16	0.36	0.47	0.99	-0.33	-0.25	0.81	0.21	
-0.39	-0.34	0.31	0.65	-0.03	0.15	0.18	0.95	-0.32	-0.26	0.82	0.24	
-0.33	-0.47	0.06	0.66	-0.14	0.02	-0.07	0.99	-0.32	-0.26	0.86	0.21	
-0.54	-0.75	0.02	0.62	-0.60	-0.08	-0.03	0.99	-0.33	-0.24	0.85	0.22	
-0.78	-0.98	0.18	1.04	-0.80	0.20	0.21	0.99	-0.33	-0.28	0.80	0.21	
-0.85	-0.55	0.95	1.36	-0.59	0.48	0.28	0.96	-0.34	-0.28	0.81	0.21	
-1.04	-0.39	1.17	1.27	-0.55	0.81	0.47	0.97	-0.34	-0.28	0.83	0.22	
-0.80	-0.18	1.47	1.44	-0.30	0.75	0.62	0.98	-0.34	-0.30	0.88	0.21	
-0.45	-0.95	1.28	1.88	-0.78	1.18	1.01	0.97	-0.33	-0.21	0.98	0.19	
-0.03	-0.34	0.92	0.15	0.00	0.84	0.73	0.99	-0.35	-0.28	0.79	0.24	
-0.25	-0.26	0.49	0.27	-0.06	0.47	0.38	0.97	-0.32	-0.25	0.83	0.21	
-0.04	-0.30	0.33	0.62	-0.65	0.13	0.16	0.97	-0.33	-0.23	0.88	0.23	
-0.22	-0.56	0.20	0.35	-0.53	0.32	0.36	0.98	-0.33	-0.24	0.88	0.24	
-0.57	-0.54	0.21	0.43	-0.36	0.21	0.27	0.97	-0.35	-0.26	0.82	0.21	
-0.80	-0.69	0.31	0.84	-0.63	0.29	0.19	0.98	-0.34	-0.28	0.88	0.20	
-0.72	-0.72	0.42	0.73	-0.80	0.59	0.32	1.00	-0.33	-0.27	0.84	0.21	
-1.51	-0.97	0.18	0.90	-0.73	0.80	0.61	0.98	-0.32	-0.29	0.85	0.21	
-1.05	-0.51	1.20	0.83	-0.46	0.96	0.85	0.99	-0.34	-0.29	0.84	0.23	
-0.63	-0.04	1.21	0.65	-0.31	0.95	0.78	0.98	-0.32	-0.26	0.86	0.24	
-0.36	-0.17	1.06	0.62	-0.60	0.87	0.62	0.98	-0.33	-0.26	0.78	0.31	
0.21	0.15	1.56	-0.21	-0.34	1.81	1.28	0.97	-0.34	-0.27	0.90	0.21	
0.07	-0.42	0.84	0.42	-0.56	0.90	0.93	0.97	-0.33	-0.25	0.87	0.21	
-0.13	-0.10	0.89	-0.24	-0.47	0.81	0.82	0.97	-0.32	-0.27	0.84	0.15	
-0.33	-0.31	0.44	0.01	-0.43	0.68	0.54	0.97	-0.33	-0.29	0.81	0.21	
-0.43	-0.48	0.15	0.19	-0.49	0.30	0.27	0.97	-0.34	-0.27	0.84	0.21	
-0.60	-0.60	0.35	0.64	-0.20	0.23	0.31	0.95	-0.35	-0.27	0.86	0.22	
-0.88	-0.79	0.40	0.95	-0.43	0.23	0.33	0.97	-0.33	-0.27	0.82	0.21	
-0.66	-0.87	0.59	1.16	-0.56	0.41	0.30	0.97	-0.33	-0.29	0.82	0.22	
-0.66	-0.24	0.96	1.55	-0.42	0.83	0.50	0.99	-0.32	-0.29	0.84	0.23	
-0.53	0.14	1.43	1.34	-0.33	1.19	0.88	0.98	-0.34	-0.30	0.85	0.22	
-0.28	-0.19	1.46	0.77	-0.53	0.70	0.74	0.96	-0.36	-0.38	0.67	0.06	
-0.29	-0.25	1.08	1.03	-0.26	0.81	0.72	0.96	-0.33	-0.28	0.88	0.21	
-0.58	0.11	0.67	0.67	-0.10	0.62	0.48	0.99	-0.33	-0.27	0.87	0.21	
-0.30	0.19	0.47	1.30	-0.73	0.16	0.19	0.99	-0.34	-0.26	0.91	0.22	
-0.39	0.14	0.31	0.34	-0.73	-0.14	0.05	0.97	-0.33	-0.27	0.84	0.22	
-0.56	-0.87	-0.07	0.38	-0.40	-0.08	0.06	0.96	-0.34	-0.27	0.79	0.20	
-0.77	-0.69	0.10	1.12	-0.52	-0.11	-0.16	0.99	-0.34	-0.26	0.84	0.23	
-0.92	-0.84	0.23	2.25	-1.15	0.00	-0.06	0.97	-0.32	-0.24	0.81	0.21	
-0.92	-0.83	0.21	1.62	-0.81	0.48	0.39	0.97	-0.33	-0.25	0.85	0.22	
0.16	1.79	1.04	1.31	-0.44	0.96	0.70	0.98	-0.33	-0.26	0.87	0.21	
-0.63	-0.17	1.15	1.57	-0.16	0.88	0.57	0.98	-0.33	-0.24	0.86	0.17	
0.26	-0.04	1.46	0.98	0.59	1.18	0.85	0.96	-0.36	-0.29	0.84	0.20	
-0.48	0.01	1.01	0.31	-0.42	0.80	0.79	0.97	-0.30	-0.26	0.94	0.21	
-0.19	-0.16	0.49	0.71	0.34	0.71	0.68	0.99	-0.34	-0.28	0.81	0.20	
-0.12	-0.62	0.42	0.86	-0.48	0.54	0.46	0.95	-0.35	-0.27	0.87	0.22	
-0.50	-0.06	0.40	0.21	-0.49	0.12	0.10	0.94	-0.33	-0.25	0.86	0.21	
-0.71	-0.38	0.09	0.72	-0.39	-0.13	-0.01	0.99	-0.35	-0.25	0.74	0.18	
-0.61	-0.62	0.15	0.67	-0.19	-0.17	0.00	0.96	-0.33	-0.25	0.87	0.21	
-0.91	-0.58	0.40	1.19	-0.74	-0.13	-0.18	0.98	-0.33	-0.27	0.84	0.20	
-0.63	-0.74	1.10	0.12	-0.77	0.14	0.01	0.97	-0.36	-0.27	0.85	0.21	
-0.70	-0.32	1.17	1.20	-0.62	0.68	0.51	0.98	-0.33	-0.27	0.86	0.21	
-0.83	-0.22	1.26	1.08	-0.18	1.07	0.82	0.97	-0.35	-0.25	0.84	0.21	
0.08	0.67	1.71	1.18	-0.15	1.20	0.88	0.98	-0.33	-0.31	0.73	0.11	
-0.32	-0.31	1.09	0.70	0.36	0.97	0.74	0.98	-0.32	-0.25	1.01	0.21	
-0.36	-0.48	0.70	0.65	-0.01	0.75	0.73	0.99	-0.32	-0.23	0.89	0.21	
-0.27	-0.43	0.43	0.49	0.01	0.49	0.57	0.98	-0.28	-0.24	0.94	0.22	
-0.38	-0.18	0.38	0.80	-0.79	0.33	0.33	0.98	-0.32	-0.25	0.82	0.21	
-0.30	-0.26	0.33	0.26	0.06	0.16	0.09	0.97	-0.31	-0.25	0.83	0.21	
-0.30	-0.63	0.04	0.45	-0.63	-0.15	-0.07	0.98	-0.33	-0.28	0.88	0.22	
-0.76	-0.98	0.22	1.02	-0.66	0.17	0.23	0.96	-0.32	-0.25	0.86	0.21	
-1.35	-1.08	0.43	1.20	-0.85	0.56	0.38	0.99	-0.33	-0.27	0.84	0.22	
-0.98	-0.60	1.14	1.46	-0.46	0.72	0.43	0.98	-0.33	-0.27	0.86	0.21	
-1.08	-0.21	1.20	1.53	-0.07	0.75	0.58	0.98	-0.32	-0.23	0.82	0.22	
-0.47	0.00	1.27	1.05	-0.16	1.01	0.87	0.97	-0.32	-0.24	0.79	0.16	
0.69	-0.41	1.35	0.66	-0.30	1.25	1.01	0.97	-0.32	-0.21	0.80	0.18	
-0.16	0.02	0.82	0.41	-0.02	0.83	0.65	1.00	-0.31	-0.23	0.88	0.22	
-0.10	-0.17	0.31	0.52	0.00	0.42	0.37	0.99	-0.33	-0.25	0.87	0.21	
-0.37	-0.23	0.29	0.60	-0.32	0.30	0.38	0.99	-0.31	-0.24	0.85	0.21	
-0.60	-0.22	0.26	0.47	-0.23	0.02	0.20	0.97	-0.33	-0.25	0.84	0.21	
-0.74	-0.66	0.34	0.77	-0.39	0.01	0.03	0.95	-0.34	-0.24	0.84	0.21	
-0.91	-0.74	0.43	0.83	-0.92	0.04	-0.07	0.99	-0.33	-0.25	0.87	0.22	
-0.90	-1.09	0.32	1.29	-0.90	0.13	0.11	0.97	-0.32	-0.25	0.84	0.22	
-0.67	-0.40	1.25	1.73	-0.54	0.78	0.62	0.98	-0.35	-0.26	0.84	0.21	
-0.87	-0.10	1.29	1.66	-0.21	0.84	0.64	0.98	-0.35	-0.24	0.86	0.21	
-0.35	-0.20	1.16	1.24	-0.12	0.92	0.61	0.99	-0.33	-0.27	1.02	0.20	
-0.33	-0.36	0.89	0.62	-0.09	0.64	0.53	0.98	-0.34	-0.21	0.92	0.21	
-0.11	-0.25	0.83	0.70	-0.14	0.69	0.67	0.96	-0.32	-0.21	0.86	0.21	
-0.38	-0.41	0.51	0.77	-0.32	0.37	0.42	0.98	-0.33	-0.21	0.82	0.30	
-0.17	-0.24	0.33	0.19	-0.30	0.19	0.12	0.98	-0.33	-0.22	1.02	0.27	
-0.54	-0.46	0.21	0.47	-0.28	-0.01	-0.06	0.99	-0.34	-0.26	0.83	0.21	
-0.60	-0.59	0.17	0.91	-0.63	-0.32	-0.11	1.02	-0.34	-0.24	0.89	0.23	
-0.62	-0.86	0.01	0.70	-0.87	-0.29	-0.21	0.96	-0.36	-0.26	0.88	0.24	
-0.72	-1.18	0.60	0.93	-0.83	0.01	-0.17	0.99	-0.33	-0.26	0.86	0.22	
-0.52	0.20	1.16	1.50	-0.70	0.71	0.48	0.97	-0.32	-0.29	0.85	0.22	
-0.73	-0.41	1.41	1.69	-0.21	1.03	0.82	1.01	-0.32	-0.26	0.87	0.21	
-0.75	-0.83	1.14	0.74	-0.06	1.04	0.78	0.96	-0.32	-0.18	1.06	0.26	
-0.49	0.21	1.17	1.17	-0.01	0.84	0.62	0.96	-0.32	-0.25	0.89	0.23	
-0.29	-0.17	0.79	0.57	-0.14	0.76	0.65	0.97	-0.33	-0.23	0.90	0.21	
-0.16	-0.19	0.33	0.16	0.05	0.42	0.53	0.96	-0.32	-0.21	0.88	0.22	
-0.33	-0.40	0.06	0.19	-0.02	0.18	0.25	0.97	-0.32	-0.23	0.88	0.22	
-0.95	-0.41	-0.03	0.88	-0.37	0.00	-0.04	0.96	-0.33	-0.27	0.85	0.22	
-1.14	-0.56	0.03	0.98	-0.26	-0.16	-0.10	0.98	-0.35	-0.26	0.85	0.20	
-1.20	-0.61	0.36	1.40	-0.53	0.21	0.22	0.98	-0.33	-0.26	0.84	0.23	
-1.75	-0.80	0.32	1.67	-0.51	0.34	0.20	0.99	-0.33	-0.25	0.86	0.21	
-1.27	0.14	1.45	1.59	-0.03	0.92	0.52	0.98	-0.34	-0.25	0.86	0.21	
-0.55	0.19	1.48	1.24	0.03	1.26	0.93	0.97	-0.33	-0.22	0.89	0.20	
-0.25	0.01	1.19	0.92	-0.09	1.10	1.01	0.99	-0.32	-0.24	0.89	0.19	
-0.25	-0.20	0.75	0.36	-0.04	0.65	0.63	0.99	-0.31	-0.23	0.86	0.21	
-0.38	0.17	0.27	0.86	-0.21	0.03	0.05	0.96	-0.32	-0.25	0.83	0.24	
-0.74	-0.32	0.09	0.19	0.14	0.00	0.02	0.99	-0.33	-0.26	0.83	0.19	
-0.82	-0.97	0.02	0.94	-0.14	-0.18	-0.01	0.99	-0.34	-0.25	0.85	0.21	
-1.09	-0.60	0.42	0.98	-0.15	-0.24	-0.13	0.97	-0.34	-0.27	0.85	0.21	
-1.32	-0.62	0.51	1.62	-0.57	0.11	-0.10	0.98	-0.31	-0.27	0.86	0.21	
-1.65	-0.62	0.96	0.86	-0.31	0.80	0.55	0.97	-0.34	-0.26	0.85	0.22	
-0.95	0.06	1.41	1.41	-0.35	0.62	0.57	0.95	-0.33	-0.25	0.86	0.20	
0.12	0.79	1.51	1.08	-0.09	0.90	0.66	0.97	-0.33	-0.29	0.60	0.24	
-0.28	-0.05	0.83	-0.11	-0.14	1.29	0.85	0.98	-0.36	-0.32	0.66	0.10	
-0.17	-0.21	0.66	-0.12	-0.21	0.67	0.63	0.96	-0.31	-0.24	0.69	0.11	
-0.17	-0.39	0.13	0.09	0.13	0.44	0.55	0.96	-0.32	-0.23	0.86	0.21	
-0.37	-0.40	0.09	0.67	-0.20	0.00	0.11	0.95	-0.33	-0.25	0.87	0.21	
-0.78	-0.07	0.20	0.29	-0.72	-0.47	-0.39	0.98	-0.32	-0.25	0.81	0.21	
-1.05	-0.80	0.07	1.04	-0.78	-0.49	-0.35	0.96	-0.34	-0.31	0.78	0.19	
-1.30	-0.66	0.26	1.37	-0.09	-0.21	-0.12	1.00	-0.34	-0.25	0.84	0.21	
-1.30	-0.62	0.66	1.61	-0.25	0.31	0.05	0.96	-0.35	-0.25	0.86	0.22	
-0.91	-0.30	1.30	1.54	-0.06	0.61	0.36	0.97	-0.32	-0.26	0.85	0.23	
-0.26	0.46	1.25	0.53	-0.31	1.00	0.79	0.98	-0.34	-0.23	0.88	0.20	
-0.06	0.38	1.19	1.17	-0.10	1.32	1.04	1.00	-0.34	-0.23	0.85	0.21	
-0.44	0.01	1.22	0.91	-0.05	0.84	0.66	0.94	-0.34	-0.26	0.85	0.20	
-0.51	0.09	0.62	1.12	-0.03	0.76	0.56	1.00	-0.32	-0.25	0.87	0.20	
-0.69	-0.13	0.06	0.62	0.14	-0.09	0.14	0.98	-0.33	-0.23	0.86	0.21	
-0.51	-0.27	0.07	0.67	-0.38	-0.21	0.01	0.97	-0.33	-0.24	0.87	0.21	
-0.80	-0.65	0.09	-0.06	1.08	0.26	0.13	0.96	-0.33	-0.27	0.86	0.21	
-0.88	-0.88	0.18	1.13	-0.57	0.09	-0.04	0.99	-0.32	-0.25	0.86	0.21	
-1.03	-0.71	0.69	1.51	-0.83	0.43	0.30	0.98	-0.31	-0.24	0.86	0.22	
-1.28	-0.63	0.61	1.74	-0.41	0.78	0.65	0.99	-0.33	-0.25	0.85	0.22	
-1.30	-0.34	0.92	0.85	0.15	0.89	0.66	0.99	-0.33	-0.26	0.86	0.21	
-0.29	0.21	1.25	0.63	0.45	0.70	0.46	0.99	-0.33	-0.34	0.29	-0.02	
-0.29	-0.35	0.67	0.52	-0.20	0.41	0.37	0.98	-0.33	-0.18	0.99	0.27	
-0.09	-0.46	0.68	0.17	-0.50	0.73	0.67	0.99	-0.34	-0.21	0.92	0.21	
-0.21	-0.42	0.45	-0.36	-0.51	0.72	0.65	0.98	-0.34	-0.27	0.61	0.23	
-0.48	-0.58	0.27	0.21	-0.25	0.30	0.24	0.97	-0.33	-0.25	0.88	0.21	
-0.41	-1.79	0.22	0.64	-0.46	0.30	0.22	0.99	-0.35	-0.26	0.87	0.23	
-0.68	-0.47	0.56	1.10	-0.48	0.08	0.21	0.98	-0.34	-0.26	0.86	0.21	
-1.07	-0.46	0.54	0.70	-0.95	0.19	0.25	0.98	-0.32	-0.28	0.86	0.20	
-1.64	-0.93	0.63	1.37	-0.57	0.30	0.20	0.97	-0.33	-0.28	0.83	0.21	
-1.08	-0.43	0.97	1.40	-0.62	0.73	0.40	0.95	-0.33	-0.29	0.83	0.21	
-0.43	0.29	1.43	1.13	-0.26	1.00	0.74	0.97	-0.32	-0.29	0.84	0.22	
0.21	0.31	1.01	0.49	0.03	0.94	0.88	0.97	-0.31	-0.28	0.83	0.23	
-0.19	-0.33	0.87	0.69	-0.50	0.53	0.54	0.97	-0.32	-0.27	1.11	0.29	
0.14	0.07	0.98	-0.41	-0.97	0.75	0.50	0.97	-0.36	-0.28	0.88	0.20	
-0.08	-0.32	0.39	0.31	-0.40	0.54	0.43	0.98	-0.34	-0.29	0.83	0.21	
0.05	-0.42	0.27	-0.10	-0.53	0.28	0.40	0.97	-0.33	-0.26	0.87	0.22	
-0.57	-0.28	0.20	-0.34	-0.66	0.13	0.23	0.98	-0.34	-0.27	0.86	0.21	
-0.77	-0.69	0.18	0.81	-0.38	0.04	0.01	0.96	-0.35	-0.28	0.87	0.21	
-1.04	-0.77	0.52	1.39	-0.09	0.08	-0.03	0.97	-0.34	-0.29	0.82	0.21	
-1.38	-0.52	0.47	1.94	-0.36	0.13	0.15	0.98	-0.33	-0.27	0.80	0.20	
-1.08	-0.57	0.78	1.99	-0.39	0.93	0.69	0.96	-0.35	-0.28	0.85	0.21	
-0.27	0.46	1.59	0.67	0.29	1.39	0.97	0.98	-0.35	-0.26	0.88	0.22	
0.15	0.82	1.35	0.83	-0.16	0.87	0.64	0.98	-0.34	-0.27	0.84	0.21	
-0.04	-0.17	0.77	0.71	-0.13	0.69	0.63	0.96	-0.34	-0.26	0.85	0.21	
-0.51	0.06	0.49	0.88	-0.05	0.40	0.52	0.97	-0.32	-0.26	0.84	0.21	
-0.73	-0.23	0.26	0.33	-0.08	0.22	0.28	0.98	-0.34	-0.29	0.83	0.22	
-0.95	-0.61	-0.12	0.75	-0.19	-0.24	-0.24	0.98	-0.34	-0.26	0.86	0.22	
-1.12	-0.14	0.12	0.07	0.46	-0.12	-0.09	0.98	-0.34	-0.27	0.84	0.21	
-1.32	-0.92	0.25	1.46	-1.02	0.09	0.11	0.98	-0.34	-0.27	0.85	0.22	
-1.32	-0.71	0.66	1.61	-0.30	0.74	0.44	0.97	-0.34	-0.28	0.83	0.21	
-1.06	-0.40	1.03	1.78	-0.14	0.81	0.48	0.95	-0.32	-0.28	0.84	0.21	
0.22	0.52	1.17	0.82	0.65	0.89	0.69	0.98	-0.33	-0.20	0.98	0.25	
-0.23	0.23	0.83	1.32	-0.55	0.64	0.65	0.98	-0.32	-0.22	0.97	0.23	
-0.39	-0.16	0.74	0.50	-0.29	0.46	0.45	0.97	-0.35	-0.33	0.87	0.16	
-0.44	-0.47	0.39	-0.11	0.62	0.68	0.42	0.97	-0.34	-0.28	0.92	0.16	
-0.31	-0.14	0.26	1.16	-0.64	0.17	0.17	0.95	-0.35	-0.29	0.83	0.21	
-0.79	-0.28	-0.01	0.85	-0.24	-0.04	0.10	0.96	-0.33	-0.27	0.84	0.24	
-1.23	-0.95	-0.08	1.55	-0.74	-0.45	-0.22	1.00	-0.33	-0.28	0.83	0.21	
-0.99	-1.19	0.20	1.11	-0.83	0.40	0.10	0.99	-0.34	-0.31	0.89	0.19	
-0.92	-0.30	1.26	1.48	-0.66	0.80	0.55	0.91	-0.34	-0.30	0.75	0.19	
-0.91	-0.51	1.28	1.57	0.43	1.26	1.00	0.96	-0.35	-0.27	0.88	0.21	
0.62	0.75	2.46	-0.26	0.83	2.49	1.76	0.94	-0.34	-0.26	0.85	0.21	
-0.56	-0.22	1.08	1.33	-0.56	0.58	0.60	0.95	-0.30	-0.19	0.87	0.29	
-0.35	-0.29	0.60	0.67	-0.11	0.80	0.71	1.00	-0.33	-0.29	0.88	0.19	
-0.31	0.01	0.20	0.11	-0.31	0.32	0.49	1.00	-0.35	-0.31	0.82	0.10	
-0.16	-0.28	0.16	-0.70	0.76	0.21	0.31	0.97	-0.35	-0.26	0.80	0.21	
-0.50	-0.30	0.14	0.49	0.25	-0.03	-0.03	0.98	-0.32	-0.26	0.85	0.21	
-1.06	-0.06	0.23	1.29	-0.34	-0.06	-0.07	0.97	-0.35	-0.26	0.86	0.22	
-1.20	-1.00	0.12	1.44	-0.71	-0.15	0.03	0.95	-0.26	-0.35	0.72	0.08	
-1.18	-0.58	0.51	1.29	-0.56	0.54	0.32	0.93	-0.26	-0.30	0.88	0.21	
-0.79	-0.35	0.79	1.39	-0.09	0.86	0.50	0.95	-0.41	-0.26	0.80	0.23	
-0.77	-0.03	0.85	1.24	0.06	0.59	0.47	1.04	-0.32	-0.22	0.88	0.21	
-0.72	0.96	1.09	1.18	0.86	0.69	0.69	1.15	-0.28	-0.24	0.87	0.02	
-0.91	0.20	0.67	-0.17	1.41	0.77	0.66	0.85	-0.45	-0.31	1.01	0.29	
-1.20	-0.39	0.35	0.02	0.14	0.30	0.24	0.96	-0.15	-0.26	0.84	0.23	
-0.39	0.21	0.52	1.20	0.00	0.21	0.15	1.01	-0.44	-0.41	0.83	0.22	
-0.47	0.12	0.85	0.80	-0.55	0.60	0.48	0.83	-0.54	-0.27	0.91	0.17	
-0.73	-0.31	0.48	1.03	-0.09	0.68	0.64	1.19	-0.35	-0.34	0.86	0.21	
-1.26	-0.55	0.27	0.66	-0.20	0.54	0.44	1.14	-0.27	-0.38	0.90	0.36	
-1.05	-0.22	0.13	0.71	0.22	0.49	0.31	1.08	-0.68	-0.46	0.76	0.32	
-0.93	-0.02	0.35	1.08	-0.21	0.54	0.42	1.00	-0.39	-0.65	0.45	0.32	
-1.24	-0.16	0.21	0.92	0.30	0.52	0.53	0.96	-0.37	0.03	0.77	0.43	
-0.75	-0.49	0.06	0.80	0.49	0.39	0.38	0.92	-0.44	-0.35	0.93	0.30	
-1.18	-0.39	0.15	0.61	0.30	0.40	0.25	0.92	-0.43	-0.39	0.99	0.39	
-1.08	0.21	0.38	0.71	0.55	0.49	0.30	0.93	-0.43	-0.96	0.69	0.54	
-0.98	0.34	0.58	0.76	0.47	0.63	0.55	0.98	-0.43	-0.15	0.94	0.53	
-0.96	0.29	0.60	0.84	0.48	0.62	0.59	0.96	-0.42	-0.12	0.77	0.29	
-0.93	0.17	0.53	0.80	0.59	0.47	0.41	0.92	-0.44	-0.13	0.91	0.34	
-0.84	0.17	0.50	0.79	0.46	0.46	0.29	0.93	-0.47	-0.07	1.03	0.32	
-0.92	0.21	0.54	0.80	0.36	0.49	0.36	0.90	-0.43	-0.11	0.85	0.28	
-0.93	0.20	0.50	0.70	0.37	0.51	0.50	0.93	-0.46	-0.13	0.87	0.29	
-0.88	0.23	0.47	0.76	0.37	0.49	0.47	0.89	-0.42	-0.13	0.86	0.30	
-0.93	0.21	0.45	0.73	0.32	0.53	0.39	0.91	-0.41	-0.14	0.81	0.26	
-0.95	0.21	0.36	0.80	0.35	0.48	0.31	0.92	-0.44	-0.12	0.84	0.29	
-0.95	0.19	0.37	0.78	0.38	0.45	0.38	0.91	-0.42	-0.11	0.88	0.33	
-0.94	0.21	0.42	0.90	0.33	0.49	0.49	0.93	-0.46	-0.13	0.86	0.28	
-0.92	0.20	0.42	0.70	0.36	0.51	0.45	0.91	-0.39	-0.13	0.83	0.32	
-0.91	0.20	0.40	0.72	0.35	0.50	0.34	0.91	-0.43	-0.13	0.84	0.33	
-0.87	0.23	0.41	0.87	0.39	0.49	0.34	0.93	-0.43	-0.12	0.85	0.31	
-0.89	0.21	0.44	0.78	0.35	0.49	0.43	0.92	-0.44	-0.14	0.85	0.30	
-0.90	0.23	0.42	0.80	0.33	0.48	0.48	0.91	-0.43	-0.10	0.86	0.30	
-0.95	0.21	0.42	0.80	0.35	0.50	0.41	0.94	-0.44	-0.10	0.86	0.32	
-0.91	0.26	0.43	0.75	0.34	0.50	0.32	0.92	-0.43	-0.12	0.85	0.31	
-0.91	0.25	0.42	0.75	0.34	0.52	0.37	0.91	-0.44	-0.10	0.85	0.33	
-0.91	0.32	0.45	0.73	0.36	0.54	0.49	0.91	-0.45	-0.12	0.85	0.32	
-0.89	0.26	0.41	0.78	0.33	0.51	0.50	0.90	-0.44	-0.13	0.84	0.32	
-0.92	0.22	0.38	0.68	0.34	0.54	0.41	0.92	-0.44	-0.12	0.85	0.31	
-0.90	0.22	0.40	0.65	0.39	0.55	0.34	0.92	-0.43	-0.13	0.86	0.31	
-0.92	0.21	0.38	0.75	0.33	0.53	0.41	0.92	-0.45	-0.14	0.84	0.29	
-0.90	0.21	0.39	0.64	0.38	0.52	0.51	0.92	-0.43	-0.13	0.83	0.30	
-0.93	0.21	0.38	0.76	0.36	0.52	0.48	0.92	-0.44	-0.12	0.84	0.32	
-0.92	0.21	0.36	0.77	0.32	0.51	0.38	0.92	-0.43	-0.13	0.86	0.30	
-0.95	0.20	0.37	0.72	0.29	0.57	0.36	0.92	-0.45	-0.13	0.85	0.31	
-0.92	0.21	0.38	0.58	0.42	0.60	0.49	0.93	-0.43	-0.12	0.85	0.30	
-0.91	0.22	0.40	0.65	0.39	0.57	0.57	0.93	-0.44	-0.11	0.86	0.31	
-0.96	0.21	0.39	0.66	0.36	0.54	0.48	0.92	-0.43	-0.13	0.85	0.30	
-0.93	0.21	0.39	0.93	0.52	0.58	0.40	0.91	-0.43	-0.15	0.84	0.30	
-0.94	0.21	0.38	0.76	0.34	0.53	0.37	0.92	-0.43	-0.13	0.85	0.31	
-0.94	0.21	0.40	0.76	0.39	0.50	0.46	0.93	-0.44	-0.11	0.85	0.31	
-0.93	0.21	0.40	0.61	0.38	0.56	0.55	0.92	-0.45	-0.11	0.84	0.32	
-0.93	0.21	0.38	0.75	0.37	0.52	0.43	0.92	-0.43	-0.12	0.85	0.31	
-0.96	0.21	0.41	0.73	0.36	0.52	0.32	0.90	-0.43	-0.12	0.83	0.31	
-0.94	0.21	0.41	0.64	0.37	0.54	0.40	0.92	-0.46	-0.11	0.85	0.31	
-0.94	0.21	0.39	0.74	0.38	0.52	0.50	0.92	-0.43	-0.12	0.86	0.30	
